3
100.76 34.516 54.423
102.59 28.25 57.852
96.806 34.006 47.024
101.22 29.456 55.281
100.45 25.751 53.843
98.151 27.168 49.54
99.387 32.574 51.853
100.48 33.497 53.906
105.06 33.024 62.468
103.92 32.844 60.327
98.091 30.996 49.429
104.29 27.649 61.03
101.03 28.72 54.919
99.911 24.315 52.833
101.01 29.121 54.891
99.71 32.781 52.458
99.824 32.124 52.672
102.11 38.105 56.941
101.99 31.51 56.728
102 24.355 56.75
100.95 35.682 54.777
98.292 33.098 49.805
101.01 28.711 54.898
102.31 31.839 57.313
100.69 32.748 54.293
101.46 31.917 55.738
101.03 32.66 54.923
99.571 29.438 52.197
100.42 30.088 53.778
98.887 29.715 50.917
101.26 28.194 55.35
98.378 33.575 49.965
98.488 29.264 50.172
98.855 31.543 50.858
95.836 25.283 45.21
102.03 27.703 56.806
100.46 29.95 53.86
98.932 28.687 51.003
101.94 34.652 56.625
97.58 30.658 48.472
99.855 31.594 52.729
99.659 25.376 52.361
100.45 27.243 53.845
100.44 30.844 53.828
98.777 28.316 50.712
99.958 33.955 52.92
99.767 34.017 52.564
100.89 28.654 54.661
101.55 33.47 55.893
101.57 35.085 55.935
98.779 30.379 50.715
100.11 35.058 53.205
98.283 32.416 49.788
98.425 29.873 50.054
99.99 32.698 52.982
102.17 31.683 57.055
98.912 28.177 50.964
100.53 31.367 53.983
99.681 29.952 52.403
101.58 29.666 55.956
98.46 34.689 50.119
100.05 30.705 53.086
100.78 38.806 54.462
101.56 29.865 55.912
102.18 32.831 57.086
100.12 34.939 53.227
97.891 37.357 49.054
98.95 30.411 51.036
98.499 26.814 50.191
103.32 34.138 59.219
99.129 25.496 51.371
101.06 29.685 54.979
99.728 30.702 52.491
101.26 35.219 55.351
98.918 33.889 50.976
98.017 28.923 49.29
97.988 31.842 49.237
100.69 29.355 54.292
99.749 31.912 52.531
99.723 35.765 52.481
102.01 31.487 56.755
100.41 29.28 53.771
100.28 28.599 53.523
102.25 33.331 57.201
98.862 33.553 50.872
100.99 37.044 54.843
101.18 30.757 55.209
99.655 30.33 52.355
100.31 28.202 53.571
98.351 34.144 49.915
98.377 28.956 49.963
100.15 28.616 53.277
101.02 37.243 54.911
103.66 34.324 59.841
99.057 31.736 51.236
100.26 27.033 53.496
99.883 31.279 52.782
97.266 30.236 47.886
99.379 26.323 51.839
97.462 28.035 48.252
101.19 29.346 55.223
98.744 30.999 50.65
100.14 26.967 53.265
99.23 32.972 51.559
100.43 35.716 53.803
99.151 28.639 51.412
100.69 30.32 54.296
101.05 32.084 54.956
102.42 34.919 57.529
99.725 31.472 52.486
96.976 29.712 47.342
98.813 27.918 50.779
101.92 30.244 56.584
98.484 31.132 50.163
101.36 35.866 55.542
100.18 31.84 53.328
102.03 27.299 56.801
97.227 29.948 47.812
99.72 29.576 52.477
98.292 28.394 49.804
104.11 31.381 60.694
101.17 27.872 55.183
101.95 29.986 56.648
98.504 26.834 50.2
99.337 28.544 51.76
99.615 30.169 52.279
101.55 31.314 55.906
99.607 29.139 52.265
100.99 30.026 54.856
97.098 28.653 47.571
99.5 31.162 52.064
98.835 33.368 50.821
97.77 30.796 48.827
100.72 29.476 54.344
100.4 32.043 53.746
100.05 29.267 53.089
98.114 23.568 49.471
101.59 23.563 55.983
100.5 24.966 53.926
99.577 29.058 52.209
100.03 28.106 53.061
99.629 27.595 52.307
97.525 28.888 48.369
99.596 27.767 52.244
98.824 27.469 50.8
98.615 31.187 50.409
98.365 31.594 49.94
99.245 37.133 51.588
97.168 29.516 47.702
101.36 30.862 55.551
100.74 28.598 54.376
99.972 29.384 52.947
99.951 29.82 52.908
98.871 24.024 50.888
101.44 29.927 55.695
99.812 32.216 52.648
98.99 27.736 51.11
101.91 32.479 56.575
99.682 32.897 52.405
99.167 32.903 51.442
99.585 32.187 52.223
98.801 22.435 50.757
98.416 27.468 50.036
103.57 34.565 59.683
102.34 32.387 57.38
100.43 30.232 53.814
98.222 30.458 49.674
98.776 32.871 50.71
99.75 30.349 52.533
101.12 28.221 55.094
98.116 28.503 49.476
96.705 27.712 46.836
97.951 31.739 49.166
100.47 31.507 53.882
100.55 31.964 54.035
100.64 30.775 54.195
99.816 28.791 52.655
100.26 30.318 53.486
99.327 30.331 51.74
101.22 26.3 55.281
98.074 29.588 49.397
100.64 33.181 54.204
98.8 29.06 50.755
99.526 34.61 52.114
100.78 32.118 54.463
101.47 29.439 55.749
98.419 28.735 50.043
101.78 30.043 56.335
100.93 31.21 54.747
99.904 32.278 52.82
99.724 28.962 52.483
99.692 31.259 52.424
99.571 35.196 52.198
100.03 32.887 53.061
100.07 32.58 53.136
101.17 28.073 55.186
102.16 29.433 57.04
100.66 31.078 54.235
99.703 29.541 52.445
100.88 25.433 54.654
100.26 25.462 53.485
98.544 32.435 50.275
101.34 28.334 55.511
100.43 36.623 53.812
100.19 23.247 53.358
100.73 31.748 54.363
100.37 30.187 53.692
98.669 27.003 50.509
99.77 31.131 52.57
99.793 27.45 52.614
99.248 32.274 51.592
102.38 31.396 57.45
98.762 24.328 50.683
99.316 22.184 51.72
98.993 28.622 51.116
98.339 32.701 49.893
99.728 30.422 52.491
99.612 29.973 52.275
102.16 33.202 57.048
99.648 25.529 52.341
98.495 33.641 50.184
102.27 28.379 57.242
101.75 30.989 56.267
99.675 28.717 52.392
97.87 29.396 49.015
99.371 23.692 51.824
99.779 34.587 52.587
100.39 31.878 53.73
99.631 36.01 52.309
100.63 34.68 54.173
100.55 30.312 54.037
98.231 26.221 49.691
98.659 23.97 50.492
98.952 29.528 51.039
99.282 30.316 51.656
99.547 32.997 52.152
100.02 27.078 53.033
95.716 30.308 44.986
99.354 29.897 51.791
101.76 28.494 56.287
98.491 31.632 50.178
101.32 31.479 55.47
100.5 29.523 53.927
99.959 35.766 52.923
100.26 32.007 53.483
97.787 28.553 48.859
99.88 30.795 52.776
102.27 31.402 57.244
100.14 30.605 53.26
100.06 31.427 53.109
98.962 27.621 51.058
99.956 27.522 52.918
100.33 31.276 53.615
100.6 36.112 54.128
99.473 28.791 52.014
99.666 26.711 52.374
102.86 30.696 58.354
96.806 26.911 47.025
103.15 30.568 58.899
100.48 31.704 53.893
101.41 30.306 55.646
97.647 26.991 48.597
99.166 28.215 51.439
99.607 25.727 52.264
100.6 27.65 54.118
97.638 24.464 48.581
100.67 28.743 54.248
98.285 25.798 49.791
100.09 27.867 53.175
100.92 29.532 54.726
100.46 26.531 53.865
101.53 30.706 55.864
101.42 31.76 55.662
99.079 26.571 51.278
100.36 33.615 53.68
98.664 24.444 50.501
98.131 27.858 49.503
101.31 26.078 55.447
100 28.938 53
99.922 25.881 52.855
101.29 28.873 55.411
100.84 28.137 54.573
100.5 26.595 53.927
101.77 24.52 56.308
101.31 32.399 55.46
100.34 36.334 53.634
99.024 36.365 51.173
99.079 28.022 51.276
101.69 30.701 56.154
97.721 27.425 48.735
99.965 30.217 52.935
97.244 25.79 47.844
101.44 24.805 55.7
101.22 30.497 55.28
100 26.225 53.003
99.9 24.086 52.813
96.484 35.56 46.422
100.82 29.692 54.538
96.899 29.695 47.199
96.72 32.035 46.864
100.11 24.864 53.211
98.659 30.603 50.491
100.58 31.837 54.089
100.96 30.735 54.791
101.21 31.093 55.269
99.023 27.884 51.171
100.64 32.546 54.189
100.14 27.451 53.266
101.17 28.129 55.186
100.76 32.615 54.419
101.27 35.833 55.376
99.813 28.716 52.651
99.792 28.339 52.611
101.43 31.97 55.666
96.997 31.804 47.381
99.286 32.627 51.665
98.203 29.934 49.638
99.459 27.774 51.988
100.92 32.4 54.716
101.17 30.34 55.185
98.565 33.526 50.315
99.334 25.327 51.754
100.19 30.532 53.363
99.587 33.769 52.228
100.43 28.688 53.799
100.57 28.357 54.058
98.685 26.465 50.54
99.75 29.016 52.532
96.985 27.874 47.359
101.62 31.231 56.03
99.11 26.833 51.336
98.297 29.403 49.815
99.641 27.959 52.328
97.98 27.853 49.22
99.971 27.402 52.945
99.207 28.733 51.517
103.08 42.543 58.762
101.61 41.308 56.012
96.469 31.769 46.394
100.62 32.739 54.168
98.023 25.072 49.301
99.639 28.018 52.325
100.23 28.207 53.435
101.06 32.179 54.978
99.614 31.296 52.278
102.23 31.449 57.17
99.32 28.611 51.728
100.46 27.378 53.867
100.94 30.486 54.759
100.12 33.571 53.225
101.25 31.94 55.331
100.46 30.787 53.855
98.891 31.472 50.925
97.447 30.524 48.223
102.63 26.332 57.917
99.145 29.63 51.401
100.15 28.76 53.273
100.8 24.129 54.49
100.16 25.985 53.301
98.721 28.374 50.606
99.339 32.213 51.763
99.823 29.205 52.67
102.09 31.854 56.913
98.783 26.624 50.722
101.11 23.906 55.076
100.44 30.508 53.817
99.669 26.903 52.381
98.505 32.867 50.204
99.598 35.147 52.248
99.877 28.793 52.771
97.922 32.638 49.112
100.27 33.075 53.508
98.837 25.057 50.824
99.867 29.831 52.751
100.48 31.043 53.89
98.721 30.972 50.607
99.592 31.882 52.237
100.5 32.326 53.926
97.404 30.793 48.143
101.47 29.769 55.741
103.43 32.883 59.415
101.36 23.734 55.538
99.553 26.176 52.165
100.61 34.008 54.134
98.535 27.231 50.259
102.66 32.337 57.968
101.33 35.314 55.489
101.11 27.817 55.083
98.761 26.424 50.683
100.45 28.708 53.847
99.21 30.965 51.523
99.56 29.149 52.176
99.194 26.583 51.492
98.549 24.427 50.286
98.715 28.216 50.596
99.703 29.17 52.445
97.597 27.149 48.505
100.86 29.622 54.608
99.833 26.54 52.688
100.99 32.187 54.85
100.38 23.488 53.713
100.7 30.795 54.308
97.903 31.013 49.076
98.557 26.662 50.301
99.368 29.508 51.817
100.16 30.977 53.29
101.6 28.904 55.986
99.59 29.753 52.233
101.78 32.162 56.338
100.67 27.448 54.258
101.66 33.404 56.106
100.18 33.463 53.336
99.071 30.526 51.262
97.905 28.999 49.081
100.22 26.521 53.411
101.16 32.104 55.166
99.586 26.046 52.226
99.235 34.521 51.569
99.564 31.404 52.183
98.449 30.041 50.099
99.303 28.438 51.696
99.744 23.164 52.522
100.06 26.347 53.121
99.91 31.081 52.831
100.86 37.868 54.617
100.15 32.359 53.289
102.57 32.237 57.799
100.44 28.55 53.826
102.55 31.653 57.774
98.977 32.455 51.087
100.74 29.59 54.393
99.632 35.647 52.311
100.85 26.663 54.588
100.84 29.26 54.571
96.908 28.616 47.216
98.123 23.039 49.489
97.962 30.724 49.187
100.57 30.524 54.063
102.08 31.288 56.89
99.538 32.218 52.135
101.15 33.791 55.149
100.77 32.858 54.443
98.513 27.811 50.218
100.56 30.137 54.052
98.937 30.558 51.011
102.14 27.198 57.012
99.954 26.784 52.914
102.31 29.841 57.328
99.399 29.939 51.875
100.83 35.937 54.559
99.911 32.413 52.834
97.141 27.206 47.65
98.611 27.367 50.402
100.87 35.161 54.621
99.922 38.387 52.855
98.418 29.725 50.04
99.114 28.081 51.343
100.35 25.822 53.66
98.596 32.303 50.373
101.38 31.582 55.579
99.094 33.139 51.305
102.56 28.478 57.786
98.473 29.978 50.143
100.28 28.125 53.527
97.849 32.854 48.976
98.977 27.789 51.085
99.161 29.311 51.43
100.57 29.212 54.062
101.33 33.73 55.493
100.42 31.533 53.795
99.472 26.641 52.013
101.15 28.627 55.158
101.13 27.342 55.114
100.17 31.644 53.318
100.81 31.427 54.511
100.58 25.251 54.092
98.604 23.425 50.389
101.07 30.413 55.01
99.071 31.684 51.261
99.146 30.093 51.402
100.25 25.367 53.468
99.565 25 52.186
99.814 32.579 52.651
100.84 29.973 54.575
101.48 29.55 55.77
99.72 33.917 52.476
100.46 27.777 53.867
99.663 30.249 52.37
100.32 31.45 53.607
100.62 32.838 54.164
99.128 26.931 51.368
100.39 31.296 53.727
100.85 38.896 54.59
100.13 25.402 53.244
102.45 32.561 57.577
99.139 28.861 51.39
98.958 26.93 51.05
97.525 26.198 48.37
101.29 32.178 55.409
101.23 37.75 55.294
99.887 27.497 52.789
101.27 32.303 55.377
100.26 28.407 53.486
100.41 36.298 53.769
100.16 31.759 53.299
100.62 29.886 54.164
100.14 31.982 53.269
103.94 31.954 60.375
98.35 32.588 49.913
97.378 28.117 48.094
98.387 25.737 49.982
98.454 29.986 50.107
99.387 34.505 51.853
99.762 26.193 52.554
99.691 29.099 52.422
100.77 33.48 54.432
100.55 24.357 54.03
101.06 32.459 54.988
102.51 33.578 57.705
101.73 31.523 56.236
98.185 26.719 49.605
96.706 28.331 46.838
101.28 30.925 55.386
97.404 31.585 48.143
100.09 32.092 53.177
100.05 28.946 53.094
103.15 36.568 58.893
99.902 29.794 52.817
99.283 27.136 51.658
100.33 28.815 53.624
100.35 32.82 53.65
100.1 30.651 53.185
99.139 32.309 51.39
98.271 29.349 49.765
100.45 37.889 53.837
98.101 23.917 49.447
98.54 27.988 50.269
101.88 30.682 56.522
99.408 29.979 51.892
99.802 34.389 52.629
101.27 31.313 55.381
99.576 29.434 52.206
101.46 30.939 55.723
99.512 32.072 52.087
101.43 28.591 55.68
100.89 31.835 54.665
99.699 25.026 52.436
98.776 29.145 50.71
98.525 26.36 50.24
99.618 27.797 52.285
99.38 30.561 51.841
99.422 26.243 51.919
101.39 27.647 55.602
99.579 25.117 52.212
101.62 23.94 56.026
99.248 29.157 51.593
101.38 34.272 55.573
99.261 29.07 51.618
100.25 29.404 53.467
101.37 27.46 55.568
99.415 34.587 51.905
99.38 28.921 51.84
102.83 35.405 58.3
101.34 31.788 55.516
99.389 28.884 51.857
100.92 33.794 54.717
99.491 32.773 52.047
101 30.156 54.868
102 34.996 56.746
97.731 34.356 48.755
101.46 30.525 55.722
102.06 30.243 56.857
100.07 31.281 53.126
102.47 32.319 57.62
100.22 32.599 53.411
98.25 28.337 49.727
96.898 30.653 47.197
99.528 32.996 52.118
101.01 31.052 54.888
100.45 30.697 53.84
100.58 26.426 54.094
99.184 25.977 51.473
100.2 25.597 53.381
97.683 25.006 48.664
98.925 28.984 50.989
98.842 24.444 50.834
100.74 37.29 54.375
99.98 32.269 52.963
98.366 22.81 49.943
99.987 26.435 52.975
99.024 29.182 51.175
99.057 24.249 51.236
101.22 29.194 55.286
100.16 33.443 53.3
100.56 29.777 54.054
101.25 30.418 55.339
100.25 27.04 53.477
100.78 28.677 54.457
100.97 26.317 54.807
101.66 31.95 56.097
100.67 28.943 54.259
102 33.413 56.736
100.03 33.829 53.06
99.932 33.286 52.873
102.41 31.096 57.501
99.279 28.086 51.651
99.996 26.225 52.992
101.3 31.016 55.434
100.21 33.063 53.396
101.99 29.943 56.717
101.46 30.197 55.736
100.41 32.106 53.771
98.9 32.113 50.942
100.8 26.033 54.499
98.045 29.639 49.342
100.35 30.776 53.647
101.14 30.106 55.139
100.3 32.902 53.564
101.24 29.5 55.327
102.88 28.895 58.394
101.31 31.504 55.444
100.38 31.606 53.706
100.91 29.783 54.698
100.6 32.755 54.126
98.141 24.391 49.522
99.411 26.392 51.898
101.73 21.397 56.24
99.938 31.576 52.885
100.82 27.357 54.541
98.577 28.508 50.337
100.09 33.156 53.171
100.85 30.582 54.588
98.075 27.68 49.398
100.49 27.631 53.92
99.743 29.131 52.519
98.671 31.194 50.514
99.947 25.3 52.901
97.318 28.448 47.983
96.991 30.907 47.37
98.336 24.789 49.886
98.599 31.363 50.379
98.341 31.276 49.896
97.56 26.061 48.435
100.41 25.567 53.763
97.745 30.208 48.782
100.16 32.569 53.292
101.11 32.341 55.082
99.997 32.35 52.994
100.13 26.422 53.246
99.465 31.532 51.999
97.903 27.164 49.077
99.938 28.239 52.884
101.36 25.884 55.542
102.46 34.62 57.599
99.392 30.235 51.862
97.699 31.943 48.695
100.24 34.775 53.44
100.53 26.761 53.996
99.679 31.821 52.4
98.375 29.148 49.96
102.86 34.249 58.356
96.663 31.746 46.757
99.279 32.168 51.651
98.131 26.545 49.503
99.1 29.16 51.317
100.45 31.039 53.841
100.2 39.833 53.365
98.995 33.278 51.12
101.1 37.702 55.056
100.88 31.718 54.647
100.92 31.111 54.713
99.398 31.589 51.874
101.48 29.115 55.774
100.93 34.294 54.748
103.55 31.288 59.638
101.5 26.518 55.814
101.64 33.502 56.061
100.07 25.203 53.14
98.178 23.405 49.591
99.475 30.626 52.018
98.928 26.533 50.995
99.202 26.794 51.508
100.79 29.893 54.469
99.213 28.099 51.527
98.734 28.68 50.632
99.421 30.549 51.917
99.772 26.285 52.574
100.58 26.516 54.083
98.653 22.855 50.48
100.45 29.022 53.84
100.11 32.103 53.206
101.87 28.772 56.504
99.699 31.394 52.436
99.81 31.57 52.644
98.343 32.225 49.901
98.041 32.07 49.335
100.44 28.096 53.822
99.647 27.183 52.34
100.71 30.505 54.333
98.738 27.32 50.638
102.7 35.827 58.049
100.17 34.339 53.323
101.48 31.034 55.77
99.679 28.523 52.4
99.77 31.46 52.57
100.98 28.465 54.826
100.79 30.008 54.47
98.416 27.573 50.036
97.832 29.242 48.945
98.447 32.701 50.095
97.998 31.287 49.254
100.08 33.567 53.158
99.418 26.89 51.912
99.48 30.294 52.026
98.075 26.007 49.399
101.1 31.737 55.063
100.62 31.315 54.163
99.873 33.932 52.763
101.44 34.11 55.702
98.764 31.395 50.688
100.59 28.736 54.097
100.49 28.779 53.922
100.49 23.924 53.924
98.969 28.103 51.071
100.46 25.45 53.865
99.272 32.502 51.638
98.732 32.146 50.628
98.298 29.575 49.816
101.47 29.568 55.746
98.804 29.843 50.762
99.755 34.825 52.543
98.291 33.304 49.802
99.58 28.408 52.214
95.429 28.234 44.449
98.463 25.778 50.124
97.983 30.226 49.226
98.565 31.561 50.316
99.698 32.623 52.436
99.54 25.05 52.139
102.75 32.93 58.144
99.191 26.932 51.487
99.646 28.663 52.338
97.781 31.319 48.848
99.325 30.582 51.737
98.108 28.549 49.46
100.04 31.891 53.08
101.21 35.641 55.257
100.57 28.364 54.07
99.009 25.343 51.146
97.694 25.265 48.686
102.06 28.122 56.863
102.9 29.381 58.424
100.17 31.863 53.319
98.6 22.871 50.381
101.69 31.574 56.169
99.162 27.182 51.432
99.336 33.057 51.757
101.25 27.99 55.345
98.041 29.044 49.335
97.233 25.727 47.823
100.59 28.197 54.113
100.57 29.482 54.06
100.13 29.362 53.252
100.7 28.734 54.314
101.53 34.243 55.863
101.37 32.382 55.568
99.196 35.316 51.496
101.15 29.718 55.143
100.25 33.41 53.458
99.285 23.172 51.662
98.312 31.124 49.843
100.91 31.602 54.712
99.5 28.597 52.064
100.07 32.176 53.123
98.879 32.144 50.902
97.807 32.089 48.898
100.24 31.415 53.454
99.912 31.809 52.836
101.7 28.77 56.172
101.13 27.191 55.121
101.49 29.92 55.787
98.941 30.045 51.019
98.676 32.269 50.523
98.205 26.666 49.642
100.7 28.843 54.318
103.94 41.14 60.379
101.03 28.596 54.925
98.907 35.372 50.955
101.18 33.554 55.214
98.404 27.483 50.015
97.985 28.664 49.231
101.01 29.844 54.898
98.9 30.909 50.942
100.45 34.433 53.836
101.99 25.947 56.721
100.57 36.521 54.061
101.31 33.055 55.46
97.729 27.173 48.751
100.94 30.079 54.75
103.02 32.436 58.658
100.77 31.296 54.432
97.821 32.611 48.923
99.713 33.216 52.463
99.293 28.541 51.677
100.54 29.87 54.013
100.58 32.553 54.09
100.57 30.658 54.073
99.486 33.245 52.038
99.153 27.459 51.414
99.166 31.037 51.44
101.21 31.492 55.258
97.379 32.98 48.097
99.707 25.706 52.452
100.38 30.193 53.715
99.077 29.703 51.273
100.67 23.119 54.263
99.899 33.796 52.811
98.673 37.995 50.517
100.23 29.398 53.427
99.621 30.695 52.29
99.42 28.278 51.916
98.994 30.682 51.118
100.09 28.873 53.163
97.389 28.381 48.116
99.437 34.706 51.946
99.231 27.004 51.562
98.71 27.58 50.587
100.92 30.228 54.727
98.962 29.072 51.057
100.76 34.819 54.43
101.38 36.951 55.582
99.778 26.874 52.585
100.39 28.221 53.735
100.9 32.056 54.692
99.885 28.769 52.786
100.76 36.525 54.431
98.214 34.149 49.66
101.57 32.508 55.938
98.601 31.038 50.382
97.414 27.664 48.161
101.96 33.333 56.663
99.911 33.431 52.834
100.63 30.754 54.188
99.486 35.686 52.039
98.557 31.345 50.3
95.654 27.488 44.87
100.89 31.586 54.657
99.595 33.177 52.242
99.721 28.633 52.478
100.57 30.023 54.073
97.993 36.311 49.245
98.968 28.023 51.07
101.62 33.728 56.036
100.85 32.944 54.582
98.188 33.992 49.61
96.884 30.063 47.171
99.192 21.998 51.489
100.3 27.524 53.566
101.33 32.244 55.493
100.13 30.861 53.248
98.413 35.255 50.031
100.43 34.551 53.81
98.342 30.702 49.898
98.641 29.576 50.458
99.075 24.765 51.27
98.261 34.873 49.747
99.617 30.221 52.283
98.727 24.599 50.619
99.596 31.133 52.244
99.346 29.99 51.777
99.42 27.952 51.916
99.288 31.164 51.668
101.74 28.691 56.263
100.86 26.277 54.615
100.08 24.635 53.156
97.925 27.841 49.119
97.701 26.918 48.699
97.221 29.967 47.802
103.68 27.211 59.893
101.38 30.046 55.573
100.36 25.543 53.68
98.622 34.889 50.422
98.379 28.829 49.967
100.77 34.167 54.449
102.21 32.632 57.141
97.605 31.603 48.52
99.364 26.125 51.811
99.881 33.816 52.777
97.183 33.068 47.73
101.19 24.194 55.226
99.414 29.163 51.903
102.7 29.342 58.059
99.447 30.206 51.966
100.58 27.669 54.083
98.384 30.052 49.977
99.116 31.399 51.347
98.347 29.928 49.908
100.56 29.913 54.039
101.84 26.946 56.444
99.16 29.758 51.429
100.62 28.703 54.155
99.287 25.701 51.666
100.14 29.899 53.27
101.69 30.2 56.165
100.17 30.677 53.318
98.534 32.325 50.257
98.788 31.17 50.732
99.76 33.905 52.551
99.729 27.617 52.493
98.776 26.723 50.709
100.26 29.835 53.478
101.79 35.159 56.351
99.645 33.841 52.335
99.711 29.468 52.459
96.887 26.604 47.175
98.905 24.765 50.951
98.03 31.086 49.314
99.454 29.797 51.978
100.74 26.741 54.391
102.15 30.046 57.03
102.54 25.633 57.758
99.835 31.243 52.691
99.547 29.237 52.153
101.16 35.606 55.163
100.69 26.157 54.297
101.08 33.532 55.025
101.1 30.993 55.059
97.907 29.208 49.083
100.76 32.591 54.43
99.871 33.614 52.758
98.925 26.161 50.989
99.019 33.575 51.165
101.81 27.177 56.39
98.855 26.117 50.858
98.251 27.052 49.728
100.3 32.422 53.568
102.84 28.124 58.32
100.04 31.05 53.068
100.44 31.488 53.816
98.673 29.812 50.518
102.37 32.893 57.43
100.18 26.473 53.331
100.75 33.48 54.403
98.654 29.677 50.481
101.21 32.854 55.26
100.55 27.244 54.03
98.365 29.343 49.942
100.06 32.733 53.105
99.363 32.807 51.808
100.15 29.817 53.289
99.646 24.11 52.337
99.731 26.485 52.498
98.539 29.943 50.267
99.543 32.219 52.145
101.08 31.969 55.028
102.47 29.345 57.616
98.359 36.097 49.93
103.36 31.904 59.29
102.16 33.747 57.038
100.24 28.838 53.446
99.574 26.351 52.203
99.012 31.618 51.152
101.18 33.787 55.203
99.018 35.125 51.162
99.347 28.043 51.778
101.25 25.607 55.338
100.62 35.293 54.153
101.27 31.448 55.373
100.71 26.883 54.335
99.433 27.993 51.939
99.273 27.144 51.64
101.13 34.142 55.107
99.051 31.35 51.224
101.68 31.587 56.14
101.12 31.3 55.092
100.41 27.671 53.761
100 33.063 53.009
100.52 31.326 53.967
104.99 31.689 62.331
99.841 29.351 52.703
97.799 28.586 48.882
102.71 28.62 58.067
100.86 32.716 54.614
99.084 33.833 51.286
103.7 39.476 59.925
100.78 31.943 54.458
100.42 27.673 53.778
98.9 30.069 50.942
98.494 26.143 50.182
97.499 26.86 48.321
99.402 27.67 51.881
98.511 26.687 50.214
100.92 31.624 54.714
99.551 26.338 52.16
102.5 33.307 57.68
102.14 33.52 56.997
100.23 33.314 53.434
99.6 29.737 52.252
101.63 32.722 56.048
98.379 34.747 49.967
100.95 30.64 54.782
99.054 28.979 51.23
99.434 35.18 51.941
99.05 21.792 51.223
100.81 29 54.523
98.9 36.941 50.941
98.496 27.795 50.186
100.78 28.664 54.463
99.401 25.92 51.88
100.51 32.7 53.957
99.502 23.248 52.069
100.38 27.727 53.713
96.373 29.934 46.215
100.66 30.325 54.233
102.62 33.234 57.904
101.47 31.125 55.75
101.29 32.743 55.41
99.661 25.862 52.366
100.26 30.8 53.479
100.35 25.344 53.646
100.14 32.482 53.255
98.826 28.456 50.803
99.502 31.771 52.068
99.753 28.22 52.538
99.32 30.673 51.728
101.18 33.841 55.214
103.59 25.693 59.716
98.129 23.309 49.499
100.18 24.443 53.34
97.96 31.596 49.184
101.84 32.17 56.446
101.99 28.832 56.73
97.649 33.445 48.601
102.75 31.799 58.143
98.466 24.342 50.13
100.32 27.019 53.6
101.55 26.507 55.907
100.21 33.047 53.389
103.25 29.771 59.074
103.89 28.334 60.283
100.2 28.319 53.366
97.303 26.073 47.954
99.484 32.371 52.034
98.801 30.872 50.756
98.918 30.391 50.977
98.405 30.484 50.016
100.11 30.188 53.207
102.98 28.565 58.574
98.988 31.163 51.106
99.603 27.271 52.258
101.65 27.521 56.086
101.72 27.547 56.209
100.69 33.023 54.285
101.45 33.749 55.715
101.23 25.195 55.304
99.46 29.274 51.99
100.61 31.08 54.135
99.577 27.907 52.209
98.727 31.709 50.619
100.9 31.233 54.679
100.1 29.577 53.178
99.735 28.15 52.505
100.41 32.293 53.772
101.4 33.316 55.613
100.56 31.724 54.04
100.28 29.399 53.515
100.4 33.037 53.74
100.07 27.241 53.136
98.905 29.898 50.951
101.11 34.86 55.082
101.99 30.412 56.728
99.245 27.021 51.587
102.73 37.353 58.1
99.751 29.114 52.534
99.655 31.189 52.355
98.731 26.888 50.625
98.879 30.326 50.904
98.652 30.766 50.479
100.5 30.264 53.936
102.26 32.134 57.225
100.75 34.086 54.396
101.21 26.276 55.26
101.9 31.582 56.55
96.465 22.095 46.387
99.763 29.969 52.557
100.5 36.2 53.934
101.01 33.408 54.898
98.155 29.056 49.548
98.577 28.246 50.339
101.12 32.187 55.092
99.835 33.175 52.692
100.78 30.437 54.463
98.641 34.298 50.458
97.689 26.33 48.677
101.08 24.381 55.014
101.69 28.538 56.157
102.31 30.54 57.318
97.833 27.768 48.946
98.109 26.443 49.463
97.916 33.079 49.101
99.941 24.989 52.89
99.13 28.049 51.372
101.86 27.942 56.477
97.942 27.51 49.15
97.536 26.715 48.39
100.29 31.62 53.543
101.69 27.635 56.156
98.865 26.903 50.876
98.21 29.417 49.651
99.789 33.235 52.605
97.686 23.127 48.67
100.02 35.559 53.046
101.17 27.878 55.192
100.31 32.15 53.576
97.3 31.885 47.949
99.241 33.698 51.58
99.573 28.192 52.201
102.56 31.357 57.798
101.29 30.146 55.42
99.919 28.093 52.849
101.85 31.763 56.464
98.523 30.367 50.236
99.507 28.668 52.079
102 31.407 56.737
102.12 39.303 56.975
101.03 30.493 54.932
100.69 32.536 54.298
99.171 28.16 51.449
101.05 28.9 54.971
98.829 28.349 50.809
100.81 32.146 54.52
100.4 27.729 53.746
101.61 25.094 56.014
99.398 29.863 51.873
100.9 29.105 54.683
101.12 31.424 55.099
98.73 29.626 50.623
100.22 32.358 53.413
102.26 33.906 57.226
100.16 25.994 53.297
99.564 25.083 52.183
100.65 31.872 54.208
99.611 30.75 52.272
100.63 27.419 54.172
99.809 33.719 52.643
99.974 30.089 52.952
100.65 30.707 54.219
101.93 31.808 56.604
100.64 32.644 54.196
102.33 35.864 57.361
97.131 27.758 47.633
99.365 24.348 51.811
100.33 33.291 53.624
98.819 26.55 50.79
98.196 32.931 49.624
100.87 28.619 54.633
100.87 35.03 54.621
100.41 27.72 53.766
100.56 26.85 54.046
98.769 32.334 50.697
99.296 25.447 51.683
99.849 32.022 52.718
99.027 30.863 51.18
100.47 29.793 53.878
103.34 30.62 59.258
99.318 36.002 51.724
100.92 29.303 54.713
98.537 28.682 50.263
101.89 28.054 56.544
98.629 26.807 50.436
100.3 28.349 53.552
99.125 34.832 51.363
100.72 29.159 54.355
100.02 27.881 53.03
99.938 28.587 52.884
104.17 34.287 60.803
99.109 25.499 51.333
99.934 31.9 52.876
103.79 27.794 60.099
98.378 28.786 49.966
100.78 24.76 54.463
98.478 30.891 50.152
101.46 32.864 55.727
100.46 28.112 53.867
100.92 31.44 54.725
99.606 30.305 52.262
100.35 33.746 53.649
102.08 31.437 56.896
96.783 31.595 46.981
97.69 28.485 48.679
100.59 28.296 54.099
99.074 29.42 51.268
99.581 29.176 52.216
97.883 31.659 49.04
98.72 29.187 50.606
99.428 27.121 51.931
98.974 29.01 51.08
98.775 33.051 50.707
99.403 28.423 51.884
98.667 27.303 50.506