3
82.777 37.405 63.549
70.114 43.201 52.675
84.407 24.898 65.204
73.212 38.856 55.399
66.927 36.426 50.117
71.014 29.152 53.744
80.111 33.061 61.38
81.089 36.532 62.135
77.257 51.003 58.568
77.669 47.385 58.996
78.062 28.963 59.73
67.912 48.573 50.689
71.991 38.244 54.375
64.646 34.718 48.218
72.735 38.196 55.008
80.28 34.083 61.502
79.002 34.445 60.409
88.476 41.662 68.293
76.474 41.301 58.114
63.364 41.338 46.986
84.789 38.003 65.243
81.781 29.6 62.873
71.983 38.208 54.369
76.873 42.291 58.431
79.584 37.186 60.843
77.562 39.627 59.074
79.205 38.251 60.499
74.249 33.643 56.392
74.892 36.314 56.88
75.2 31.479 57.246
70.879 38.973 53.416
82.598 29.87 63.56
74.632 30.22 56.791
78.569 31.38 60.108
69.062 21.833 52.246
69.475 41.433 52.171
74.609 36.454 56.637
73.288 31.624 55.62
82.262 41.128 63.03
77.774 27.346 59.521
78.012 34.543 59.567
66.753 33.92 50.024
69.659 36.428 52.436
76.259 36.399 58.038
72.71 31.132 55.14
82.27 34.866 63.174
82.507 34.263 63.388
71.959 37.807 54.358
80.353 39.889 61.437
83.295 39.961 63.933
76.485 31.138 58.345
84.192 35.346 64.794
80.538 29.57 61.818
75.788 30.02 57.777
79.946 34.969 61.199
76.677 41.854 58.274
72.367 31.558 54.84
77.164 36.661 58.8
75.119 33.991 57.123
73.364 39.997 55.503
84.584 30.13 65.241
76.261 35.146 58.067
90.62 37.471 70.204
73.744 39.922 55.827
78.769 41.906 60.049
83.965 35.384 64.601
89.841 28.329 69.741
76.433 31.68 58.288
70.138 30.252 52.977
80.423 45.512 61.374
67.318 32.247 50.539
73.737 38.346 55.855
76.462 34.139 58.259
83.743 38.974 64.335
82.822 31.579 63.714
74.314 28.729 56.554
79.677 28.639 61.108
73.371 37.183 55.57
78.664 34.207 60.128
85.736 34.123 66.132
76.421 41.347 58.068
73.414 36.304 55.625
72.252 35.885 54.649
79.644 42.1 60.787
82.244 31.402 63.227
87.261 38.115 67.339
75.621 38.735 57.446
75.828 33.91 57.727
71.51 35.965 54.017
83.658 29.786 64.462
74.14 29.866 56.382
72.369 35.469 54.756
87.601 38.23 67.625
80.548 46.563 61.458
78.791 32.018 60.283
69.395 35.838 52.225
77.418 34.631 59.061
77.205 26.355 59.06
68.669 33.037 51.669
73.047 26.974 55.517
73.032 38.758 55.248
77.644 31.029 59.33
69.354 35.448 52.198
80.941 32.565 62.095
85.189 36.357 65.619
73.059 32.315 55.411
75.136 37.191 57.068
78.139 38.307 59.592
82.438 42.656 63.147
77.873 34.132 59.457
76.433 25.437 58.424
71.958 31.245 54.499
74.205 41.058 56.194
78.057 30.205 59.699
84.862 39.298 65.277
78.255 35.555 59.751
68.736 41.425 51.544
76.703 26.231 58.636
74.405 34.116 56.514
73.166 29.598 55.561
74.862 48.005 56.6
70.346 38.69 52.97
73.711 41.167 55.771
70.173 30.268 53.006
72.763 32.904 55.147
75.559 33.781 57.501
76.399 39.912 58.081
73.678 33.757 55.905
74.404 38.137 56.426
74.415 25.824 56.703
77.453 33.418 59.116
81.923 31.317 62.956
77.904 27.947 59.618
73.574 37.272 55.74
78.482 36.261 59.928
73.627 35.15 55.831
64.445 29.036 48.171
62.178 40.042 46.007
65.46 36.566 48.869
73.549 33.663 55.797
71.511 35.102 54.037
70.836 33.828 53.491
74.568 27.173 56.803
71.173 33.723 53.779
71.127 31.282 53.794
78.071 30.621 59.702
78.979 29.828 60.489
88.551 32.614 68.553
75.95 26.044 58.001
75.694 39.312 57.495
71.956 37.326 54.366
73.891 34.91 56.06
74.702 34.844 56.75
64.788 31.431 48.41
73.932 39.556 55.995
79.18 34.404 60.561
71.508 31.805 54.106
78.3 41.044 59.67
80.511 33.995 61.699
80.857 32.366 62.028
79.274 33.686 60.656
61.924 31.208 45.984
71.391 29.991 54.046
81.043 46.297 61.884
77.853 42.404 59.261
75.144 36.375 57.092
76.991 29.378 58.812
81.051 31.13 62.22
75.801 34.211 57.697
71.017 38.539 53.543
73.48 29.043 55.839
72.947 24.581 55.484
79.514 28.519 60.972
77.453 36.492 59.05
78.238 36.75 59.71
76.005 37.02 57.809
72.906 34.417 55.235
75.415 35.821 57.334
76.043 32.871 57.932
67.435 38.855 50.495
75.495 28.91 57.552
80.407 37.035 61.545
74.057 31.204 56.282
83.748 33.502 64.458
78.372 37.472 59.809
73.02 39.647 55.219
73.709 30.002 56.013
73.923 40.638 55.964
76.61 37.952 58.303
79.234 34.696 60.6
73.279 34.127 55.558
77.505 34.027 59.148
84.793 33.644 65.341
80.266 35.103 61.468
79.677 35.229 60.965
70.713 38.694 53.281
72.562 41.829 54.782
76.545 37.088 58.266
74.353 34.062 56.471
66.064 37.796 49.355
66.522 35.819 49.786
80.403 30.395 61.686
71.08 39.245 53.58
86.847 36.373 67.025
62.51 35.605 46.386
77.728 37.304 59.265
75.102 36.169 57.061
70.376 30.79 53.167
77.221 34.274 58.901
70.464 34.347 53.164
79.652 32.621 61
76.013 42.523 57.696
65.416 31.084 48.951
61.131 32.836 45.276
73.129 31.816 55.481
81.023 29.749 62.227
75.95 34.14 57.825
75.203 33.774 57.199
79.46 41.843 60.637
67.041 33.886 50.269
82.643 30.241 63.59
70.561 42.171 53.076
75.68 40.522 57.457
72.861 33.973 55.207
75.275 28.264 57.38
63.857 33.012 47.585
83.542 34.303 64.266
78.185 36.235 59.676
86.246 33.832 66.57
83.164 36.983 63.886
75.213 36.753 57.143
69.227 29.407 52.222
64.827 30.761 48.458
74.816 31.686 56.916
76.045 32.729 57.936
80.782 33.566 61.938
69.637 35.056 52.447
78.341 21.453 60.13
75.23 32.956 57.24
71.103 40.556 53.571
78.966 30.23 60.47
76.852 39.176 58.481
73.805 36.567 55.952
85.585 34.87 65.987
78.508 35.816 59.959
73.786 28.001 56.122
76.534 34.622 58.31
76.098 42.173 57.776
76.017 35.44 57.854
77.576 35.185 59.182
71.316 31.717 53.945
70.49 34.862 53.175
77.123 36.039 58.78
85.801 36.907 66.126
73.127 33.333 55.447
69.195 33.943 52.096
74.418 44.05 56.31
71.415 24.9 54.176
73.995 44.97 55.93
77.812 36.51 59.354
74.644 39.472 56.601
71.016 27.558 53.781
72.272 32.361 54.742
67.43 33.756 50.602
70.308 36.89 52.977
66.393 27.531 49.857
72.266 37.109 54.634
68.417 29.576 51.531
71.034 35.296 53.627
73.544 37.917 55.701
68.348 36.463 51.322
75.3 39.842 57.149
77.301 39.499 58.856
69.317 32.089 52.24
81.384 36.15 62.394
65.691 30.777 49.19
72.289 29.089 54.828
66.97 39.136 50.094
73.055 35 55.349
67.507 34.754 50.645
72.1 39.075 54.45
71.044 37.659 53.585
68.444 36.566 51.401
63.818 40.591 47.388
78.541 39.158 59.915
86.38 36.072 66.636
87.288 31.913 67.497
71.976 32.086 54.496
75.191 40.331 57.046
71.762 27.792 54.408
75.419 34.891 57.358
69.078 26.284 52.163
64.552 39.564 48.033
75.12 38.854 57.018
68.086 35.005 51.131
64.235 34.683 47.87
87.461 23.881 67.818
73.903 37.599 56.012
76.451 25.195 58.445
80.854 24.628 62.194
65.521 35.357 48.947
76.973 30.758 58.767
77.987 36.84 59.496
75.725 38.028 57.549
76.215 38.836 57.948
71.759 31.909 54.316
79.251 37.01 60.564
70.241 35.45 52.951
70.817 38.694 53.37
79.297 37.398 60.595
84.859 39.015 65.28
72.769 34.41 55.119
72.094 34.342 54.547
77.684 39.507 59.18
80.25 25.503 61.662
80.273 32.743 61.524
76.045 29.318 58.01
71.275 33.289 53.875
78.8 37.901 60.162
74.865 38.693 56.805
82.388 30.461 63.369
66.874 32.893 50.148
75.849 35.613 57.707
82.169 33.695 63.113
72.321 36.35 54.696
71.625 36.789 54.096
69.379 30.841 52.319
73.36 34.209 55.625
73.062 25.465 55.563
76.205 40.122 57.911
69.776 32.187 52.628
75.011 29.616 57.126
71.496 33.864 54.05
72.379 28.611 54.914
70.261 34.907 52.98
73.194 32.493 55.521
95.972 44.739 74.589
94.663 40.091 73.579
80.53 23.834 61.936
79.61 36.974 60.87
67.257 28.747 50.564
71.604 33.859 54.142
71.566 35.735 54.069
78.304 38.344 59.732
77.623 33.779 59.253
76.208 42.049 57.872
72.898 32.849 55.262
69.898 36.465 52.638
75.281 37.973 57.174
81.462 35.381 62.476
77.745 38.94 59.244
76.144 36.445 57.94
78.415 31.493 59.974
77.615 26.926 59.395
66.579 43.312 49.672
74.877 32.296 56.955
72.635 35.462 54.982
63.732 37.519 47.382
67.544 35.508 50.661
72.853 30.954 55.265
79.482 32.908 60.85
73.659 34.441 55.874
77.039 41.614 58.587
69.606 31.15 52.506
63.12 38.509 46.841
75.647 36.38 57.519
69.543 33.954 52.391
81.219 30.273 62.381
84.686 33.729 65.249
72.869 34.612 55.2
81.177 28.429 62.386
80.455 35.859 61.612
66.702 31.323 50.037
74.776 34.579 56.819
76.601 36.504 58.326
77.61 30.954 59.303
78.711 33.711 60.178
78.939 36.566 60.309
78.135 26.79 59.839
73.627 39.633 55.734
78.057 45.843 59.359
62.647 39.291 46.422
68.286 33.588 51.332
81.946 36.917 62.854
70.879 30.367 53.603
77.559 43.398 58.989
83.868 39.207 64.435
70.28 38.521 52.918
69.255 31.083 52.209
72.34 36.431 54.711
77.278 32.503 58.988
73.727 33.607 55.949
69.266 32.451 52.188
65.734 30.413 49.235
72.567 30.936 55.023
73.672 34.061 55.894
71.337 27.402 54.056
73.751 37.717 55.881
68.773 34.473 51.726
78.364 38.127 59.788
62.828 36.206 46.643
76.003 37.211 57.803
78.216 28.367 59.873
69.823 30.437 52.705
74.509 33.001 56.627
76.688 35.49 58.422
71.958 40.048 54.308
74.813 33.703 56.87
77.803 40.642 59.256
69.89 37.126 52.617
80.158 40.251 61.263
81.226 35.568 62.272
76.565 32.063 58.392
74.525 28.375 56.741
68.486 35.695 51.456
78.102 38.661 59.554
68.027 33.692 51.11
83.774 32.582 64.5
77.855 33.62 59.453
76.08 30.096 58.023
72.592 32.795 55.004
62.648 34.192 46.534
68.269 35.205 51.282
77.038 34.715 58.736
88.847 37.734 68.694
79.219 35.489 60.571
77.434 43.113 58.89
72.059 36.395 54.473
76.372 43.07 57.989
80.158 31.766 61.448
73.766 37.355 55.901
85.579 33.836 66.004
68.339 37.684 51.288
73.101 37.656 55.33
74.47 25.224 56.762
63.47 29.065 47.343
77.647 28.556 59.386
75.591 36.797 57.463
76.011 41.575 57.715
79.362 33.538 60.734
81.198 38.633 62.182
79.734 37.44 60.965
71.956 30.297 54.519
74.887 36.778 56.866
76.711 31.637 58.525
68.479 41.781 51.318
69.14 34.854 52.029
73.208 42.316 55.32
75.278 33.099 57.277
85.331 37.636 65.711
79.476 34.719 60.805
71.738 25.958 54.428
71.078 30.608 53.767
83.889 37.739 64.485
90.408 34.755 70.083
75.522 29.997 57.552
72.06 32.199 54.566
67.121 36.116 50.288
80.128 30.559 61.449
77.004 39.36 58.606
81.336 32.135 62.44
70.555 43.089 53.051
75.95 30.171 57.911
71.384 35.891 53.911
81.621 28.198 62.768
71.615 31.764 54.198
74.282 32.347 56.449
73.189 36.795 55.423
80.966 39.213 61.972
77.532 36.344 59.12
69.191 33.332 52.106
71.737 38.647 54.151
69.4 38.573 52.169
77.9 35.538 59.45
77.09 37.555 58.718
65.925 36.846 49.258
63.864 30.586 47.644
75.059 38.397 56.976
78.687 32.061 60.193
75.724 32.299 57.674
66.353 35.791 49.644
66.125 33.625 49.497
79.844 34.41 61.124
74.405 37.663 56.437
73.216 39.682 55.384
82.354 34.115 63.261
70.628 36.465 53.258
75.674 33.934 57.596
77.445 36.027 59.053
79.794 36.968 61.026
69.945 32.241 52.769
77.121 36.229 58.773
90.74 37.688 70.301
66.495 35.413 49.773
78.103 42.736 59.466
73.473 32.278 55.763
70.053 31.704 52.873
69.643 27.174 52.623
78.154 39.072 59.589
88.398 38.878 68.287
70.489 34.643 53.179
78.393 39.018 59.792
71.914 35.822 54.363
86.266 36.3 66.534
78.117 35.505 59.635
74.388 36.968 56.438
78.537 35.455 59.992
76.022 47.465 57.597
80.808 29.783 62.043
73.252 26.707 55.696
68.239 29.899 51.373
75.978 30.11 57.936
83.647 33.061 64.381
68.182 34.247 51.23
73.55 34.023 55.79
80.876 37.421 61.935
64.31 36.741 47.888
78.814 38.36 60.164
79.922 42.953 61.005
76.667 40.47 58.296
70.168 29.261 53.023
74.079 24.585 56.445
75.867 39.034 57.648
79.585 26.791 61.07
78.77 35.299 60.194
73.037 35.159 55.33
84.985 44.96 65.258
74.687 34.69 56.741
70.221 32.731 52.993
72.615 36.055 54.952
79.939 36.099 61.168
76.128 35.313 57.951
79.787 32.278 61.122
74.929 29.532 57.058
89.156 36.415 68.984
65.091 28.995 48.72
72.262 30.384 54.777
75.028 40.953 56.894
75.345 33.127 57.334
83.166 34.372 63.944
76.579 39.024 58.253
74.238 33.658 56.383
75.776 39.603 57.559
79.111 33.457 60.523
71.492 39.529 53.924
77.782 37.814 59.3
66.086 34.047 49.455
74.228 31.128 56.429
69.29 30.335 52.255
71.213 33.792 53.812
76.429 33.041 58.256
68.495 33.172 51.519
69.79 39.399 52.482
66.332 33.669 49.672
62.854 40.115 46.58
73.944 32.623 56.155
81.93 39.349 62.788
73.776 32.664 56.012
73.746 35.79 55.919
69.459 39.341 52.203
83.78 33.149 64.493
73.427 33.04 55.707
83.061 43.959 63.647
77.403 39.253 58.947
73.352 33.068 55.643
81.353 37.902 62.329
80.409 33.39 61.626
74.638 38.157 56.624
82.85 41.332 63.525
84.448 27.824 65.175
75.019 39.601 56.916
74.108 41.52 56.101
77.302 35.212 58.949
77.645 42.809 59.076
79.616 35.695 60.903
73.09 29.467 55.499
78.207 25.19 59.935
80.792 33.509 61.949
76.272 38.191 58.01
75.985 36.419 57.805
68.077 36.85 51.083
68.162 32.419 51.253
66.806 35.644 50.031
67.358 27.672 50.673
73.837 31.601 56.087
65.576 31.338 49.08
87.874 37.324 67.876
79.167 34.937 60.538
62.893 29.832 46.836
68.48 34.957 51.467
74.134 31.915 56.332
65.08 32.018 48.645
72.731 38.865 54.99
81.201 35.507 62.252
74.226 36.782 56.304
74.955 38.953 56.876
69.415 35.806 52.242
72.072 37.463 54.461
67.63 38.054 50.678
77.498 40.235 59.007
72.628 37.128 54.94
79.955 41.316 61.069
81.992 35.101 62.932
81.062 34.786 62.15
75.446 42.609 57.214
71.963 32.72 54.472
68.09 34.987 51.136
76.017 39.114 57.773
80.472 35.67 61.63
73.607 41.283 55.681
74.413 39.625 56.401
78.589 36.304 60.018
79.582 31.522 60.965
67.217 37.534 50.339
75.606 28.817 57.649
76.198 36.093 57.993
74.453 38.615 56.457
80.12 35.953 61.325
73.277 38.934 55.452
71.107 44.118 53.498
76.907 39.132 58.529
77.696 36.194 59.262
74.015 37.87 56.101
79.654 36.903 60.909
65.935 29.12 49.434
68.776 33.138 51.757
58.123 40.477 42.556
77.926 34.805 59.488
69.627 37.605 52.383
73.191 30.499 55.562
80.721 35.289 61.849
75.515 37.685 57.379
71.999 28.911 54.586
70.342 36.554 53.013
73.575 34.187 55.808
78.048 30.798 59.678
66.428 34.832 49.728
73.897 26.519 56.249
78.612 25.483 60.272
66.536 29.737 49.931
78.404 30.57 59.985
78.413 29.754 60.011
69.369 27.284 52.388
66.617 36.289 49.857
76.842 27.871 58.719
79.604 35.493 60.897
78.565 38.52 59.949
79.305 34.99 60.654
68.363 35.416 51.358
78.152 33.309 59.712
71.166 28.369 53.89
71.815 34.804 54.301
66.581 39.297 49.761
81.867 42.774 62.659
75.825 33.076 57.742
80.05 27.722 61.444
83.591 35.744 64.276
68.723 36.683 51.636
78.544 33.985 60.03
74.494 29.862 56.682
80.925 44.053 61.833
80.36 24.448 61.779
79.438 32.719 60.817
69.886 29.09 52.788
74.046 32.155 56.252
76.611 36.421 58.336
92.88 35.617 72.162
81.655 31.821 62.717
88.392 38.475 68.291
77.575 37.783 59.125
76.44 37.895 58.16
78.3 33.097 59.842
72.417 39.689 54.706
82.258 37.955 63.096
75.059 46.22 56.806
67.649 39.756 50.657
80.352 40.174 61.431
66.167 35.237 49.498
64.104 29.238 47.877
76.488 33.34 58.299
69.346 31.611 52.275
69.646 32.478 52.511
74.296 37.483 56.348
72.03 32.51 54.533
73.404 30.997 55.733
76.381 33.169 58.212
68.344 34.28 51.366
68.245 36.831 51.227
62.79 30.74 46.729
72.917 36.419 55.201
78.779 35.349 60.2
71.537 40.923 53.932
77.749 34.047 59.354
77.999 34.399 59.558
80.149 29.762 61.484
80.061 28.805 61.43
71.229 36.389 53.769
70.07 33.884 52.839
75.464 37.253 57.344
70.91 31.008 53.615
83.921 43.535 64.386
82.834 35.547 63.638
75.933 39.682 57.69
72.503 33.985 54.903
77.822 34.273 59.411
71.557 38.086 54.01
74.504 37.485 56.525
71.583 29.99 54.208
75.017 28.146 57.163
80.954 30.09 62.16
78.656 28.668 60.24
81.477 35.266 62.492
69.682 33.161 52.526
75.876 33.354 57.779
68.935 28.914 51.985
77.467 38.486 59.018
77.004 36.965 58.659
82.283 34.599 63.19
81.59 39.567 62.494
78.357 31.091 59.934
72.306 36.855 54.673
72.445 36.558 54.798
63.553 36.562 47.25
72.194 31.739 54.689
66.368 36.462 49.642
80.054 32.697 61.339
79.752 30.991 61.12
75.326 29.619 57.393
73.256 39.641 55.419
75.488 31.217 57.496
83.994 34.227 64.65
82.158 29.595 63.193
72.357 33.671 54.785
74.729 20.546 57.084
68.265 30.139 51.389
76.723 28.621 58.601
78.788 30.463 60.314
79.999 34.046 61.264
66.235 33.545 49.592
78.583 43.696 59.852
69.906 32.443 52.732
72.78 33.882 55.14
78.855 27.982 60.424
76.503 32.865 58.322
73.57 29.016 55.916
78.436 35.136 59.913
84.548 38.815 65.021
71.634 36.808 54.103
67.115 31.867 50.376
67.824 27.708 51.068
70.222 41.529 52.803
71.986 44.168 54.243
78.3 35.539 59.79
62.853 30.573 46.787
76.785 40.357 58.398
70.382 32.35 53.138
81.029 32.899 62.163
70.506 38.964 53.1
74.519 28.805 56.726
68.968 26.249 52.071
71.312 36.881 53.829
73.683 36.792 55.843
73.745 35.425 55.925
72.226 37.221 54.597
81.778 39.84 62.647
78.472 39.34 59.853
85.256 32.457 65.76
73.741 38.622 55.853
81.086 35.775 62.149
62.96 32.739 46.83
78.153 29.663 59.792
77.341 37.893 58.924
72.754 33.419 55.128
78.942 35.208 60.342
79.654 31.454 61.027
80.248 28.066 61.605
77.434 35.767 59.049
78.369 34.722 59.866
71.649 40.362 54.039
69.122 38.585 51.933
73.888 39.711 55.953
75.77 31.651 57.726
80.013 30.813 61.346
70.058 29.324 52.929
72.426 37.227 54.766
92.843 47.473 71.873
71.761 38.254 54.18
85.546 31.543 66.027
80.741 38.742 61.792
71.425 29.954 54.075
73.86 28.63 56.171
74.057 38.208 56.13
77.378 31.521 59.094
82.827 36.413 63.613
66.288 41.29 49.468
86.574 36.794 66.785
79.741 39.158 60.934
71.295 27.819 54.011
74.539 37.958 56.544
77.499 44.564 58.913
76.876 37.42 58.54
81.195 28.109 62.408
81.076 34.092 62.177
72.786 32.764 55.17
74.411 36.713 56.463
79.297 36.843 60.607
75.832 36.813 57.667
81.276 33.373 62.362
70.897 32.32 53.576
77.439 32.363 59.128
76.95 38.817 58.572
82.156 26.713 63.253
67.327 34.073 50.508
75.106 36.209 57.064
75.055 32.081 57.11
61.962 37.134 45.888
82.018 34.681 62.963
90.501 30.804 70.248
73.75 35.722 55.924
76.519 33.801 58.315
72.223 33.167 54.683
76.9 31.819 58.682
72.879 35.275 55.194
73.728 26.744 56.1
83.983 33.219 64.663
70.013 32.569 52.82
71.405 30.922 54.037
74.818 37.919 56.782
73.975 31.716 56.201
83.328 37.418 64.016
86.834 39.364 66.949
69.42 34.298 52.279
71.487 36.242 53.991
78.179 37.86 59.636
72.821 34.638 55.158
86.453 37.419 66.668
83.756 29.354 64.555
78.575 39.966 59.926
77.807 30.575 59.479
72.399 26.821 54.97
79.833 41.192 60.968
81.34 34.719 62.387
75.969 37.008 57.779
85.746 33.375 66.156
78.399 30.436 59.985
73.217 21.257 55.785
77.331 37.801 58.917
81.081 33.718 62.189
72.678 34.117 55.048
74.671 36.814 56.681
87.859 28.652 68.052
72.049 31.738 54.567
80.775 40.131 61.79
79.844 37.674 61.053
83.484 29.27 64.326
77.136 25.147 59.027
60.87 32.445 45.062
70.269 35.957 52.964
78.245 39.214 59.662
76.49 35.419 58.256
85.652 29.981 66.15
83.053 36.369 63.806
77.361 29.757 59.118
75.104 30.702 57.182
66.013 32.076 49.436
85.051 29.502 65.651
75.654 33.788 57.581
65.934 30.975 49.392
77.338 33.722 59.012
75.406 32.932 57.39
71.626 33.167 54.176
77.593 32.748 59.249
71.473 40.515 53.886
67.622 37.729 50.679
65.121 35.264 48.609
72.392 28.44 54.929
70.846 27.729 53.632
76.742 26.213 58.669
67.503 46.651 50.384
74.192 39.349 56.22
66.602 36.149 49.847
84.846 30.643 65.452
73.906 29.873 56.183
82.128 37.449 62.997
78.385 41.999 59.721
79.488 27.427 60.974
68.315 32.99 51.37
82.066 34.623 63.006
82.445 26.092 63.513
63.596 38.762 47.239
73.847 33.146 56.062
72.042 43.552 54.304
75.736 33.252 57.662
70.356 36.83 53.018
76.143 29.891 58.081
78.134 32.206 59.721
75.939 29.773 57.911
74.48 36.756 56.521
68.214 40.822 51.114
75.101 32.345 57.143
72.225 36.952 54.602
67.59 32.744 50.76
74.721 35.457 56.753
74.269 40.35 56.263
76.13 35.538 57.947
80.209 30.363 61.522
77.928 31.167 59.569
82.306 34.24 63.218
70.811 34.143 53.463
69.793 31.128 52.665
74.533 35.808 56.586
83.286 40.664 63.91
82.263 33.877 63.189
74.213 34.085 56.352
70.799 25.154 53.648
66.124 31.536 49.542
78.265 28.769 59.907
74.983 33.273 57.023
68.551 37.35 51.475
73.687 41.812 55.738
65.354 43.043 48.638
77.383 34.477 59.034
73.897 33.568 56.095
84.516 38.656 64.997
67.512 37.192 50.597
80.767 38.422 61.82
76.105 38.481 57.862
74.907 28.38 57.065
79.249 37.417 60.554
81.702 34.591 62.697
68.667 31.6 51.699
82.182 31.898 63.163
68.655 40.731 51.49
68.631 31.379 51.673
70.736 29.469 53.501
79.238 35.96 60.576
69.721 43.992 52.324
76.899 35.114 58.609
77.441 36.379 59.042
75.515 30.804 57.529
78.763 42.487 60.031
68.427 35.559 51.409
80.887 37.371 61.945
75.281 30.742 57.331
79.443 38.819 60.688
69.596 36.74 52.375
74.857 29.83 56.991
79.968 35.178 61.213
80.554 32.985 61.758
74.565 35.489 56.62
64.444 33.879 48.064
68.738 34.151 51.703
75.844 30.381 57.816
79.361 33.554 60.733
77.904 38.428 59.39
72.202 42.802 54.455
87.229 29.81 67.493
76.307 45.632 57.878
80.462 41.825 61.488
72.717 35.754 55.046
68.593 33.653 51.591
78.604 31.876 60.127
81.172 38.724 62.157
85.022 31.894 65.574
71.84 32.934 54.363
66.145 38.952 49.399
84.293 36.95 64.845
76.83 39.01 58.466
68.829 37.257 51.713
71.692 33.207 54.232
70.24 32.702 53.01
81.854 38.561 62.74
78.088 31.998 59.686
76.819 40.307 58.428
76.656 38.536 58.329
70.472 36.287 53.129
80.607 35.014 61.758
77.093 36.635 58.741
74.859 50.772 56.538
73.915 34.497 56.09
73.837 28.039 56.165
70.717 43.565 53.179
79.415 37.727 60.688
82.613 32.102 63.525
89.952 46.705 69.437
78.052 37.464 59.537
70.469 36.316 53.126
75.84 31.521 57.789
68.913 30.237 51.937
70.871 27.091 53.667
71.121 33.109 53.749
69.899 30.29 52.773
77.379 37.897 58.957
68.585 33.58 51.586
79.435 42.911 60.592
80.06 41.756 61.148
80.918 35.733 62.007
74.778 33.735 56.839
78.929 40.153 60.223
84.744 29.873 65.381
75.554 38.013 57.405
73.743 32.008 55.998
84.853 33.21 65.402
60.586 31.996 44.831
72.64 37.574 54.941
88.423 31.52 68.469
71.937 30.244 54.504
72.046 37.473 54.439
67.918 33.106 51.03
79.612 36.617 60.88
62.958 33.426 46.813
70.59 36.205 53.231
77.231 23.531 59.143
75.168 37.083 57.097
79.222 43.289 60.403
76.106 39.648 57.838
79.187 39.074 60.465
67.643 33.928 50.779
76.299 35.809 58.085
66.25 36.092 49.55
79.457 35.431 60.774
72.933 31.286 55.326
78.566 33.425 60.061
71.9 34.218 54.386
76.673 32.85 58.467
81.266 38.742 62.237
64.786 46.352 48.084
63.96 29.082 47.758
64.706 35.574 48.251
79.244 28.549 60.743
77.779 40.825 59.232
71.568 41.305 53.95
82.833 27.565 63.81
76.512 43.692 58.095
65.634 30.149 49.156
69.333 36.014 52.168
67.597 39.915 50.61
80.445 35.658 61.607
72.475 45.267 54.634
69.426 47.31 52.001
71.795 35.619 54.266
69.558 26.471 52.567
79.676 33.368 61.005
77.374 31.207 59.097
76.417 31.58 58.277
76.921 29.957 58.74
75.272 35.35 57.223
70.441 44.421 52.925
77.786 31.799 59.435
70.259 33.745 53.004
69.391 40.217 52.126
69.396 40.424 52.126
80.091 37.171 61.274
80.925 39.588 61.929
65.402 38.894 48.769
74.02 33.293 56.205
76.584 36.918 58.303
71.442 33.662 54.009
78.955 30.976 60.444
76.676 37.839 58.361
74.163 35.302 56.283
71.783 34.163 54.288
78.931 36.305 60.309
80.167 39.417 61.29
77.797 36.757 59.336
73.72 35.87 55.895
80.304 36.251 61.475
69.901 35.229 52.667
75.523 31.536 57.519
83.179 38.519 63.866
74.462 41.301 56.406
70.035 32.611 52.838
86.698 43.621 66.741
73.54 34.212 55.778
77.4 33.91 59.061
70.125 30.986 52.949
76.324 31.457 58.201
77.276 30.738 59.024
75.16 36.583 57.101
77.444 42.142 58.919
81.998 37.359 62.889
67.398 38.82 50.464
76.667 41.001 58.285
62.817 23.822 46.902
75.097 34.251 57.099
86.03 36.579 66.327
80.583 38.208 61.669
74.468 29.165 56.675
72.711 30.502 55.155
78.28 38.536 59.708
80.921 34.479 62.037
75.292 37.473 57.194
83.751 30.704 64.521
69.778 27.693 52.726
64.012 38.404 47.6
71.228 40.337 53.683
74.492 42.299 56.41
72.317 28.148 54.872
69.712 29.021 52.642
81.991 28.409 63.077
65.861 34.814 49.248
71.991 32.247 54.506
70.026 40.877 52.65
71.774 28.493 54.403
70.581 27.208 53.419
77.778 35.918 59.338
69.575 40.335 52.279
70.065 31.41 52.889
75.092 29.34 57.201
81.062 34.332 62.16
63.914 27.682 47.75
85.165 35.078 65.626
70.355 38.705 52.977
78.738 35.974 60.152
80.202 26.462 61.601
82.265 32.599 63.218
71.966 33.649 54.454
75.823 43.111 57.522
74.429 39.091 56.427
71.56 34.745 54.086
77.028 40.856 58.594
76.629 30.328 58.485
72.88 33.443 55.234
76.281 41.317 57.95
90.658 41.719 70.144
75.233 38.266 57.127
79.195 37.195 60.513
72.168 32.379 54.653
72.302 38.331 54.638
72.735 31.296 55.158
78.404 37.569 59.833
70.582 36.26 53.223
64.972 40.095 48.378
75.139 33.095 57.16
72.777 37.845 55.052
76.88 38.547 58.519
75.138 30.982 57.204
79.174 35.699 60.528
80.688 42.143 61.672
67.56 35.503 50.675
66.278 33.62 49.627
78.008 37.042 59.509
76.625 33.77 58.406
69.867 36.982 52.6
81.933 34.397 62.898
75.179 34.918 57.154
75.872 37.061 57.695
77.061 41.092 58.617
79.427 37.021 60.714
84.228 42.372 64.672
72.755 25.929 55.291
65.062 32.991 48.609
80.809 36.055 61.908
69.448 31.265 52.369
81.537 29.294 62.673
71.906 37.759 54.314
83.65 37.74 64.282
70.56 36.294 53.204
68.87 36.768 51.758
80.072 31.107 61.39
67.119 32.774 50.359
78.801 34.523 60.237
77.211 31.924 58.944
74.317 36.484 56.388
73.966 45.578 55.893
86.432 32.843 66.75
73.131 37.895 55.351
73.535 30.374 55.858
70.208 40.991 52.802
70.042 30.666 52.886
71.785 35.933 54.251
84.415 32.234 65.051
72.99 37.29 55.244
71.109 35.051 53.697
72.454 34.803 54.843
80.147 48.189 61.082
67.336 32.182 50.556
78.522 34.79 59.994
68.5 46.999 51.222
73.828 29.872 56.117
64.898 37.473 48.372
77.618 30.186 59.327
79.3 39.609 60.55
71.243 36.465 53.779
77.039 37.916 58.667
75.814 33.753 57.718
81.635 36.097 62.608
76.281 41.585 57.944
80.007 24.825 61.471
73.724 27.696 56.075
71.498 36.858 53.987
74.538 32.072 56.672
73.763 33.675 55.979
79.411 28.306 60.889
74.341 30.953 56.529
70.099 33.192 52.88
73.852 31.754 56.096
81.381 31.125 62.5
72.499 33.113 54.918
70.926 30.784 53.634