3
21.137 33.202 50.471
5.8608 36.101 48.174
23.587 26.949 48.676
9.7188 33.928 48.216
2.3536 32.713 46.132
7.5062 29.076 45.913
18.149 31.03 48.998
19.169 32.766 49.873
14.023 40.002 51.438
14.661 38.193 50.903
15.884 28.982 47.731
3.0249 38.786 48.55
8.2932 33.622 47.786
-0.28414 31.859 45.229
9.1792 33.598 47.973
18.309 31.542 49.225
16.776 31.722 48.953
27.73 35.331 52.726
13.491 35.151 49.508
-2.0791 35.169 46.069
23.502 33.502 51.106
20.275 29.3 48.822
8.2848 33.604 47.777
13.924 35.645 49.788
17.354 33.093 49.593
14.853 34.314 49.496
16.86 33.625 49.683
11.164 31.321 47.561
11.818 32.657 48.205
12.382 30.24 47.426
6.9425 33.987 47.623
21.234 29.435 49.085
11.759 29.61 47.053
16.387 30.19 48.294
5.4887 25.416 44.098
5.1741 35.216 47.692
11.476 32.727 48.156
10.105 30.312 46.95
20.372 35.064 50.998
15.609 28.173 47.368
15.596 31.771 48.71
2.2506 31.46 45.641
5.5982 32.714 46.85
13.437 32.7 48.58
9.4389 30.066 46.71
20.639 31.933 49.887
20.946 31.631 49.842
8.2734 33.404 47.7
18.156 34.445 50.276
21.648 34.48 51.062
13.923 30.069 47.704
22.902 32.173 50.477
18.8 29.285 48.49
13.14 29.51 47.322
17.875 31.985 49.294
13.71 35.427 49.659
9.0149 30.279 46.696
14.501 32.83 48.864
12.183 31.496 47.852
9.8522 34.498 48.459
23.582 29.565 49.653
13.492 32.073 48.357
30.448 33.235 52.544
10.307 34.461 48.545
16.192 35.453 50.218
22.631 32.192 50.424
29.898 28.665 50.714
13.838 30.34 47.786
6.4214 29.626 45.878
18.008 37.256 51.294
2.9895 30.623 45.492
10.363 33.673 48.263
13.771 31.57 48.231
22.22 33.987 51.004
21.43 30.29 49.448
11.443 28.864 46.705
17.816 28.819 48.098
9.9759 33.092 47.96
16.384 31.603 48.822
24.786 31.562 50.665
13.427 35.174 49.502
10.063 32.652 47.815
8.7007 32.442 47.435
17.223 35.55 50.483
20.75 30.201 49.264
26.433 33.558 51.776
12.584 33.867 48.827
13.028 31.455 48.024
7.8162 32.482 47.254
22.496 29.393 49.348
11.19 29.433 46.861
8.8557 32.235 47.392
26.832 33.615 51.886
18.114 37.781 51.514
16.625 30.509 48.466
5.3094 32.419 46.676
14.887 31.816 48.57
14.974 27.678 47.043
4.5623 31.018 45.987
10.011 27.987 46.06
9.5087 33.879 48.151
15.303 30.014 47.989
5.2769 32.224 46.596
19.155 30.782 49.128
24.044 32.679 50.919
9.8048 30.658 47.013
12.072 33.096 48.425
15.592 33.653 49.413
20.519 35.828 51.316
15.448 31.566 48.601
14.094 27.218 46.676
8.5411 30.123 46.533
10.807 35.029 48.868
15.827 29.603 47.951
23.535 34.149 51.356
15.843 32.277 48.954
4.297 35.213 47.496
14.383 27.615 46.888
11.33 31.558 47.687
10.044 29.299 46.558
11.302 38.503 50.276
6.3218 33.845 47.433
10.215 35.083 48.758
6.4615 29.634 45.89
9.4294 30.952 47.04
12.714 31.391 47.93
13.46 34.456 49.241
10.481 31.379 47.432
11.163 33.569 48.401
11.682 27.412 46.215
14.978 31.209 48.363
20.372 30.158 49.164
15.738 28.474 47.509
10.213 33.136 48.029
16.083 32.631 49.139
10.363 32.075 47.666
-0.28986 29.018 44.166
-3.4345 34.521 45.527
0.60669 32.783 45.772
10.331 31.331 47.381
7.8527 32.051 47.101
7.1033 31.414 46.697
11.808 28.086 46.495
7.5071 31.361 46.767
7.5532 30.141 46.321
15.827 29.81 48.028
16.937 29.414 48.126
28.191 30.807 51.137
13.496 27.522 46.657
12.647 34.156 48.949
8.2895 33.163 47.614
10.686 31.955 47.693
11.652 31.922 47.894
0.019463 30.215 44.682
10.545 34.278 48.529
16.989 31.702 48.993
7.9847 30.402 46.514
15.671 35.022 49.942
18.586 31.497 49.27
19.064 30.683 49.071
17.129 31.343 48.89
-3.3725 30.104 43.89
7.92 29.495 46.161
18.712 37.648 51.596
15.084 35.702 50.066
12.114 32.688 48.282
14.595 29.189 47.524
19.345 30.065 48.902
12.984 31.605 48.07
7.1248 33.77 47.583
10.439 29.022 46.541
9.9894 26.79 45.608
17.627 28.76 48.034
14.852 32.746 48.91
15.774 32.875 49.162
13.111 33.01 48.623
9.5372 31.709 47.346
12.459 32.411 48.255
13.326 30.935 47.896
2.857 33.928 46.697
12.838 28.955 47.047
18.338 33.017 49.783
11.036 30.102 47.077
22.451 31.251 50.033
15.904 33.236 49.326
9.458 34.323 48.306
10.672 29.501 46.772
10.49 34.819 48.719
13.791 33.476 48.948
17.041 31.848 49.059
9.9916 31.563 47.392
15.015 31.513 48.485
23.685 31.322 50.332
18.25 32.052 49.402
17.545 32.115 49.27
6.7574 33.847 47.53
8.8242 35.414 48.573
13.75 33.044 48.777
11.27 31.531 47.663
1.2731 33.398 46.149
1.8975 32.41 45.918
18.605 29.697 48.601
7.17 34.123 47.725
26.012 32.687 51.357
-2.858 32.302 44.825
15.145 33.152 49.126
12.074 32.585 48.235
6.6813 29.895 46.036
14.667 31.637 48.455
6.6401 31.673 46.692
17.622 30.81 48.799
12.894 35.761 49.604
0.77904 30.042 44.785
-4.3813 30.918 43.971
9.9087 30.408 46.942
19.369 29.374 48.649
13.163 31.57 48.097
12.291 31.387 47.835
17.016 35.421 50.389
2.594 31.443 45.711
21.272 29.62 49.162
6.4337 35.585 48.108
12.581 34.761 49.16
9.5021 31.487 47.255
12.603 28.632 46.875
-1.1519 31.006 44.718
22.173 31.651 50.121
15.732 32.617 49.056
25.403 31.416 50.748
21.613 32.992 50.498
12.181 32.876 48.368
5.374 29.203 45.489
0.092799 29.88 44.573
11.917 30.343 47.362
13.334 30.864 47.871
18.925 31.283 49.264
5.6289 32.028 46.601
16.524 25.227 46.469
12.358 30.978 47.697
7.1435 34.778 47.964
16.906 29.615 48.194
14.028 34.088 49.229
10.517 32.783 47.965
24.576 31.935 50.759
16.132 32.408 49.067
10.846 28.5 46.437
13.837 31.811 48.336
13.009 35.587 49.564
13.19 32.22 48.345
15.051 32.093 48.71
7.76 30.358 46.448
6.6494 31.931 46.79
14.479 32.52 48.743
24.749 32.953 51.177
9.8445 31.166 47.211
5.1491 31.471 46.286
10.938 36.525 49.456
8.1568 26.95 45.262
10.397 36.985 49.509
15.277 32.755 49.007
11.394 34.236 48.702
7.5748 28.279 45.63
8.869 30.681 46.814
3.0614 31.378 45.79
6.3508 32.945 47.103
2.0858 28.265 44.41
8.6664 33.055 47.657
4.405 29.288 45.306
7.2775 32.148 47.01
10.151 33.459 48.136
4.0402 32.731 46.512
12.157 34.421 48.94
14.548 34.25 49.405
5.3709 30.545 45.989
19.535 32.575 49.882
1.118 29.888 44.803
9.0233 29.044 46.237
2.2934 34.068 46.625
9.69 32 47.489
3.1113 31.877 45.987
8.3885 34.037 47.962
7.1927 33.33 47.433
4.1498 32.783 46.556
-1.5092 34.796 46.056
16.034 34.079 49.67
25.47 32.536 51.181
26.72 30.456 50.68
8.5282 30.543 46.687
12.008 34.666 48.998
8.4507 28.396 45.868
12.503 31.945 48.091
5.3248 27.642 44.894
-0.59551 34.282 46.066
11.984 33.927 48.717
3.7883 32.003 46.184
-0.77073 31.842 45.115
27.255 26.441 49.298
10.59 33.3 48.174
14.126 27.098 46.638
19.378 26.814 47.694
0.72832 32.179 45.573
14.518 29.879 47.764
15.472 32.92 49.112
12.736 33.514 48.729
13.285 33.918 49.001
8.278 30.455 46.599
16.966 33.005 49.474
6.3296 32.225 46.829
6.8809 33.847 47.558
17.004 33.199 49.555
23.543 34.008 51.305
9.375 31.705 47.309
8.5754 31.671 47.119
15.003 34.253 49.507
18.625 27.251 47.691
18.355 30.872 48.984
13.474 29.159 47.264
7.6461 31.145 46.717
16.393 33.45 49.514
11.688 33.846 48.621
20.961 29.731 49.135
2.4359 30.947 45.49
12.983 32.306 48.332
20.568 31.347 49.652
8.7625 32.675 47.536
7.9179 32.894 47.431
5.4953 29.921 45.783
10.085 31.605 47.428
10.091 27.232 45.796
13.22 34.561 49.227
5.9121 30.593 46.127
12.234 29.308 47.046
7.8849 31.432 46.877
9.1496 28.805 46.175
6.3762 31.953 46.738
9.9579 30.746 47.08
36.506 36.87 55.243
35.142 34.546 54.072
19.026 26.417 47.468
17.394 32.987 49.562
3.062 28.874 44.854
8.0139 31.43 46.905
7.8917 32.368 47.228
15.786 33.672 49.463
15.165 31.389 48.472
13.145 35.525 49.571
9.5916 30.925 47.065
5.8809 32.732 46.92
12.212 33.486 48.602
19.658 32.19 49.766
15.098 33.97 49.422
13.299 32.723 48.558
16.199 30.247 48.274
15.437 27.963 47.252
1.6578 36.156 47.265
11.966 30.648 47.487
9.1722 32.231 47.461
-1.4847 33.259 45.487
3.1249 32.254 46.131
9.6159 29.977 46.716
17.409 30.954 48.806
10.43 31.721 47.548
14.15 35.307 49.712
5.7526 30.075 45.898
-2.2522 33.755 45.502
12.711 32.69 48.415
5.5623 31.477 46.38
19.58 29.637 48.794
23.555 31.365 50.319
9.4855 31.806 47.371
19.606 28.714 48.455
18.443 32.43 49.586
2.297 30.161 45.166
11.751 31.789 47.866
13.839 32.752 48.688
15.266 29.977 47.967
16.46 31.355 48.746
16.613 32.783 49.313
16.06 27.895 47.364
10.179 34.317 48.463
15.185 37.421 50.731
-2.8467 34.145 45.517
4.0849 31.294 45.985
20.17 32.958 50.166
7.2964 29.683 46.093
14.694 36.199 50.165
22.358 34.103 51.078
6.2505 33.761 47.386
5.3377 30.041 45.794
8.7822 32.715 47.555
14.808 30.752 48.155
10.545 31.304 47.418
5.2947 30.725 46.04
1.1846 29.706 44.749
9.2772 29.968 46.638
10.462 31.531 47.484
7.962 28.201 45.687
10.405 33.359 48.155
4.6262 31.737 46.27
15.867 33.563 49.44
-2.5049 32.603 45.016
13.1 33.105 48.657
16.091 28.684 47.666
6.0398 29.719 45.828
11.499 31 47.516
13.985 32.245 48.531
8.1795 34.524 48.098
11.832 31.352 47.72
15.097 34.821 49.74
5.8444 33.063 47.035
17.909 34.625 50.289
19.37 32.284 49.737
13.979 30.531 47.889
11.708 28.687 46.697
4.2357 32.348 46.412
15.534 33.83 49.466
3.7726 31.346 45.935
22.52 30.791 49.876
15.447 31.31 48.505
13.484 29.548 47.412
9.231 30.898 46.975
-2.6356 31.596 44.61
3.9977 32.103 46.268
14.432 31.857 48.485
28.333 33.367 52.125
16.991 32.244 49.196
14.557 36.056 50.082
8.4498 32.698 47.475
13.298 36.035 49.795
18.258 30.383 48.781
10.437 33.177 48.094
24.611 31.418 50.573
3.9798 33.342 46.727
9.6356 33.328 47.973
11.772 27.112 46.123
-1.449 29.033 43.915
15.408 28.778 47.55
12.628 32.899 48.475
12.931 35.287 49.435
17.24 31.269 48.886
19.211 33.816 50.275
17.522 33.22 49.678
8.5786 29.648 46.364
11.793 32.889 48.286
14.17 30.319 47.852
3.9778 35.39 47.492
5.0469 31.927 46.434
9.5719 35.658 48.83
12.408 31.05 47.735
24.161 33.318 51.184
17.327 31.86 49.126
8.4978 27.479 45.535
7.5228 29.804 46.188
22.443 33.37 50.823
30.308 31.877 52.005
12.826 29.498 47.248
8.6241 30.599 46.729
2.5972 32.558 46.128
18.272 29.78 48.558
14.2 34.18 49.302
19.642 30.567 49.156
6.3886 36.045 48.27
13.326 29.585 47.391
7.6688 32.445 47.208
20.143 28.599 48.531
8.1135 30.382 46.535
11.257 30.673 47.34
9.775 32.897 47.843
18.912 34.107 50.317
14.951 32.672 48.904
5.1701 31.166 46.177
7.9754 33.823 47.791
5.2025 33.786 47.164
15.422 32.269 48.858
14.377 33.277 49.003
1.1474 32.923 45.944
-1.0432 29.793 44.289
11.931 33.698 48.619
16.499 30.53 48.446
12.971 30.65 47.71
1.6989 32.396 45.868
1.5168 31.312 45.423
17.777 31.705 49.168
11.183 33.331 48.317
9.6886 34.341 48.363
20.77 31.557 49.775
6.7482 32.733 47.112
12.845 31.467 47.988
14.861 32.513 48.825
17.612 32.984 49.61
6.1097 30.621 46.181
14.468 32.615 48.776
30.582 33.344 52.614
1.8831 32.206 45.838
15.368 35.868 50.191
10.299 30.639 47.115
6.2606 30.352 46.114
5.9592 28.087 45.201
15.579 34.036 49.553
27.751 33.939 52.21
6.6578 31.821 46.751
15.864 34.009 49.606
8.3013 32.411 47.335
25.326 32.65 51.192
15.681 32.253 48.909
11.192 32.984 48.189
16.182 32.227 49.01
12.702 38.233 50.485
19.112 29.391 48.599
10.264 27.854 46.066
4.1807 29.449 45.316
13.362 29.555 47.388
22.349 31.03 49.928
3.9344 31.623 46.074
10.318 31.511 47.445
18.879 33.21 49.975
-0.76731 32.87 45.5
16.392 33.68 49.6
17.519 35.976 50.707
13.755 34.735 49.411
6.4969 29.131 45.71
11.335 26.792 45.906
12.864 34.017 48.945
17.782 27.895 47.745
16.465 32.149 49.044
9.6618 32.079 47.512
23.449 36.98 52.395
11.641 31.845 47.863
6.418 30.866 46.341
9.1238 32.527 47.561
17.82 32.55 49.493
13.327 32.157 48.352
17.797 30.639 48.774
12.14 29.266 47.009
28.753 32.708 51.972
0.47918 28.997 44.328
8.9384 29.692 46.46
11.788 34.977 49.066
12.487 31.063 47.758
21.723 31.686 50.034
13.71 34.012 49.13
11.15 31.329 47.561
12.733 34.302 49.022
16.946 31.228 48.806
7.6474 34.265 47.883
15.189 33.407 49.232
1.4532 31.524 45.488
11.242 30.064 47.109
5.4106 29.668 45.67
7.5523 31.396 46.79
13.778 31.02 48.027
4.3503 31.086 45.966
5.6317 34.199 47.413
1.7603 31.334 45.485
-2.6344 34.557 45.718
10.843 30.811 47.3
20.052 34.175 50.595
10.642 30.832 47.263
10.479 32.395 47.811
5.2412 34.171 47.316
22.503 31.074 49.978
10.212 31.02 47.238
21.205 36.48 51.711
14.679 34.126 49.387
10.122 31.034 47.223
19.426 33.451 50.186
18.49 31.195 49.135
11.44 33.578 48.466
21.062 35.166 51.189
23.514 28.412 49.207
11.833 34.301 48.823
10.673 35.26 48.925
14.725 32.106 48.643
14.821 35.905 50.084
17.454 32.347 49.337
9.9587 29.234 46.514
16.212 27.095 47.099
18.94 31.254 49.257
13.379 33.596 48.902
13.112 32.71 48.511
3.702 32.925 46.509
3.9857 30.71 45.744
2.2422 32.322 45.961
3.2251 28.336 44.689
10.759 30.3 47.09
0.95818 30.169 44.872
27.193 33.162 51.796
16.952 31.968 49.084
-2.1658 29.416 43.9
4.2586 31.979 46.279
11.099 30.458 47.224
0.34185 30.509 44.863
9.1465 33.932 48.091
19.343 32.254 49.72
11.007 32.891 48.113
11.784 33.977 48.691
5.3342 32.403 46.676
8.4215 33.232 47.669
3.1217 33.527 46.606
14.752 34.618 49.587
9.0951 33.064 47.755
17.625 35.158 50.425
20.299 32.051 49.855
19.208 31.893 49.555
12.218 35.804 49.47
8.4866 30.86 46.797
3.7947 31.994 46.182
13.038 34.057 48.999
18.471 32.335 49.557
10.087 35.142 48.751
11.112 34.312 48.668
16.208 32.652 49.175
17.585 30.261 48.586
2.6527 33.267 46.405
12.974 28.908 47.06
13.377 32.547 48.509
11.201 33.808 48.499
18.041 32.476 49.515
9.7921 33.967 48.247
7.0027 36.559 48.598
14.095 34.066 49.236
15.153 32.597 48.921
10.712 33.435 48.251
17.449 32.951 49.561
1.4761 29.06 44.572
4.6845 31.069 46.033
-8.2679 34.738 44.539
15.483 31.903 48.734
5.5116 33.302 47.051
10.036 29.749 46.724
18.782 32.144 49.555
12.501 33.342 48.613
8.6868 28.956 46.129
6.4049 32.777 47.052
10.341 31.593 47.481
15.792 29.899 48.054
1.8267 31.916 45.717
11.039 27.76 46.203
16.68 27.242 47.257
2.1649 29.368 44.84
16.224 29.785 48.107
16.269 29.377 47.964
5.6296 28.142 45.148
1.9918 32.644 46.026
14.481 28.435 47.217
17.447 32.246 49.297
16.089 33.76 49.563
17.113 31.995 49.129
4.1009 32.208 46.33
15.813 31.154 48.528
7.7191 28.685 45.814
8.2256 31.902 47.128
1.8257 34.148 46.552
19.836 35.887 51.187
13.059 31.038 47.875
18.296 28.361 48.033
22.172 32.372 50.39
4.4769 32.841 46.65
16.25 31.493 48.751
11.61 29.431 46.953
18.665 36.527 51.167
18.799 26.724 47.533
17.364 30.86 48.761
6.1691 29.045 45.605
10.983 30.578 47.243
13.855 32.711 48.676
33.208 32.309 52.808
20.034 30.411 49.184
27.761 33.737 52.137
14.943 33.392 49.171
13.592 33.448 48.893
15.997 31.048 48.529
8.7404 34.345 48.155
20.498 33.477 50.433
11.609 37.61 50.01
3.0748 34.378 46.914
18.144 34.587 50.326
1.5002 32.118 45.721
-0.70359 29.119 44.112
13.835 31.17 48.096
5.4251 30.306 45.912
5.7459 30.739 46.145
11.062 33.241 48.256
8.5753 30.755 46.777
10.269 29.998 46.869
13.715 31.085 48.037
4.1247 31.64 46.123
3.9025 32.915 46.55
-2.3253 29.87 44.034
9.4684 32.71 47.705
16.473 32.174 49.055
7.6439 34.961 48.143
15.304 31.523 48.553
15.586 31.699 48.681
18.33 29.381 48.422
18.264 28.902 48.228
7.4651 32.694 47.256
6.1905 31.442 46.506
12.458 33.126 48.522
7.3068 30.004 46.215
22.244 36.268 51.862
21.281 32.273 50.156
12.915 34.341 49.078
9.0768 31.493 47.164
15.381 31.637 48.612
7.784 33.543 47.644
11.309 33.243 48.312
8.1472 29.495 46.211
12.301 28.573 46.786
19.272 29.545 48.692
16.601 28.834 47.835
19.681 32.133 49.75
5.7597 31.08 46.275
13.108 31.177 47.938
5.0478 28.957 45.324
14.786 33.743 49.268
14.3 32.983 48.876
20.665 31.8 49.843
19.639 34.283 50.544
16.147 30.046 48.187
8.7245 32.927 47.622
8.9018 32.779 47.606
-1.6589 32.781 45.269
8.8017 30.369 46.683
1.6891 32.731 45.992
18.096 30.849 48.919
17.808 29.995 48.536
12.608 29.309 47.129
9.7387 34.321 48.367
12.735 30.108 47.456
22.713 31.613 50.226
20.723 29.297 48.92
8.9153 31.336 47.069
12.272 24.773 45.359
4.2011 29.569 45.366
14.308 28.81 47.319
16.685 29.732 48.189
17.976 31.523 49.144
1.65 31.273 45.438
15.898 36.348 50.488
6.0556 30.721 46.207
9.4097 31.441 47.218
16.866 28.491 47.765
13.872 30.933 48.015
10.548 29.008 46.56
16.075 32.068 48.927
23.182 33.908 51.187
7.9279 32.904 47.437
2.7646 30.433 45.371
3.7772 28.354 44.818
6.0577 35.265 47.905
8.0445 36.584 48.838
15.897 32.269 48.963
-2.2433 29.787 44.021
13.899 34.678 49.421
6.6251 30.675 46.315
19.246 30.949 49.211
6.5002 33.982 47.524
11.683 28.903 46.772
5.1965 27.625 44.859
7.5431 32.941 47.365
10.363 32.896 47.973
10.492 32.213 47.746
8.6139 33.111 47.666
19.85 34.42 50.642
15.945 34.17 49.684
24.284 30.729 50.243
10.356 33.811 48.313
19.196 32.387 49.737
-2.2052 30.87 44.434
15.963 29.332 47.88
14.661 33.447 49.13
9.3981 31.209 47.129
16.673 32.104 49.073
17.672 30.227 48.592
18.517 28.533 48.146
14.859 32.384 48.776
16.012 31.861 48.836
7.8 34.681 48.073
4.8716 33.793 47.093
10.485 34.355 48.545
13.052 30.325 47.607
18.126 29.906 48.573
6.3647 29.162 45.692
8.8511 33.114 47.719
32.677 38.237 54.906
8.0198 33.627 47.727
24.667 30.271 50.157
18.664 33.871 50.174
7.9619 29.477 46.163
10.908 28.815 46.568
10.748 33.604 48.323
14.968 30.261 48.007
21.238 32.707 50.308
1.3948 35.145 46.829
25.671 32.897 51.36
17.46 34.079 49.985
7.8949 28.409 45.75
11.331 33.479 48.405
14.575 36.782 50.357
14.129 33.21 48.923
19.64 28.554 48.403
19.254 31.546 49.435
9.4631 30.882 47.021
11.231 32.856 48.15
17.027 32.921 49.457
12.914 32.907 48.541
19.52 31.187 49.36
7.2377 30.66 46.445
15.005 30.682 48.172
14.159 33.909 49.191
20.838 27.857 48.407
2.9262 31.536 45.819
12.077 32.605 48.243
12.185 30.54 47.495
-3.5712 33.067 44.953
20.347 31.841 49.787
30.581 29.902 51.328
10.486 32.361 47.8
13.853 31.4 48.186
8.7771 31.083 46.944
14.387 30.409 47.934
9.4703 32.137 47.492
10.828 27.872 46.198
22.741 31.109 50.044
6.1769 30.785 46.257
7.8981 29.961 46.33
11.664 33.459 48.471
10.917 30.358 47.147
21.791 33.209 50.618
25.874 34.182 51.886
5.4016 31.649 46.409
7.7769 32.621 47.298
15.658 33.43 49.344
9.4267 31.819 47.363
25.501 33.209 51.44
22.63 29.177 49.297
16.042 34.483 49.822
15.516 29.787 47.951
9.2468 27.911 45.862
17.486 35.096 50.371
19.541 31.86 49.616
13.068 33.004 48.612
24.828 31.188 50.535
16.225 29.718 48.082
10.447 25.129 45.088
14.653 33.4 49.11
19.274 31.359 49.37
9.2788 31.559 47.233
11.535 32.907 48.236
27.532 28.826 50.251
8.6299 30.369 46.645
18.648 34.566 50.43
17.643 33.337 49.748
22.311 29.135 49.211
14.942 27.073 46.81
-4.6756 30.723 43.833
6.3423 32.479 46.927
15.68 34.107 49.602
13.753 32.21 48.466
24.857 29.49 49.907
21.508 32.685 50.36
15.019 29.379 47.688
12.3 29.851 47.263
1.4473 30.538 45.119
24.163 29.251 49.664
12.827 31.394 47.956
1.3986 29.988 44.902
14.829 31.361 48.387
12.567 30.966 47.739
8.0683 31.084 46.788
15.171 30.874 48.281
7.5846 34.758 48.054
3.1261 33.365 46.546
0.25665 32.132 45.451
9.1724 28.72 46.148
7.3655 28.365 45.616
14.429 27.607 46.896
2.6187 37.825 48.101
10.862 34.174 48.561
1.9793 32.575 45.997
23.872 29.822 49.813
10.912 29.437 46.801
20.364 33.225 50.309
15.733 35.5 50.134
17.641 28.214 47.833
4.1442 30.995 45.886
20.407 31.812 49.79
21.208 27.546 48.373
-1.6977 33.881 45.672
10.707 31.073 47.367
8.1362 36.276 48.743
12.946 31.126 47.883
6.4095 32.915 47.105
13.568 29.445 47.392
15.837 30.603 48.327
13.33 29.387 47.318
11.311 32.878 48.176
3.7024 34.911 47.252
12.228 30.673 47.554
8.6239 32.976 47.618
3.293 30.872 45.652
11.65 32.228 48.008
10.912 34.675 48.759
13.32 32.269 48.393
18.377 29.682 48.544
15.635 30.083 48.088
20.708 31.62 49.785
7.0607 31.571 46.747
5.9752 30.064 45.943
11.412 32.404 48.021
21.607 34.832 51.184
20.672 31.438 49.709
11.102 31.543 47.63
7.4154 27.077 45.146
1.6018 30.268 45.052
16.134 28.885 47.75
12.051 31.136 47.688
4.2447 33.175 46.723
10.161 35.406 48.866
0.21413 36.022 46.895
14.851 31.739 48.533
10.749 31.284 47.456
23.151 33.828 51.151
3.0178 33.096 46.422
18.708 33.711 50.124
13.169 33.74 48.909
12.161 28.69 46.798
16.947 33.208 49.546
19.976 31.795 49.688
4.6191 30.3 45.731
20.657 30.449 49.336
4.2292 34.865 47.351
4.5855 30.189 45.683
7.1639 29.234 45.896
16.993 32.48 49.284
5.3613 36.496 48.211
14.25 32.057 48.519
14.843 32.689 48.887
12.784 29.902 47.389
16.161 35.744 50.32
4.1716 32.279 46.372
18.894 33.185 49.969
12.508 29.871 47.317
17.12 33.91 49.847
5.5107 32.87 46.889
12.042 29.415 47.043
17.893 32.089 49.337
18.678 30.992 49.101
11.464 32.244 47.973
-0.49059 31.44 45.027
4.5977 31.575 46.203
13.192 29.69 47.4
17.238 31.277 48.889
15.308 33.714 49.373
8.3562 35.901 48.652
26.736 29.405 50.291
13.115 37.316 50.234
18.206 35.412 50.649
9.2583 32.377 47.534
4.4467 31.326 46.077
16.408 30.438 48.391
19.176 33.862 50.284
24.03 30.447 50.082
8.3317 30.967 46.802
1.3221 33.976 46.376
22.956 32.975 50.789
14.008 34.005 49.194
4.5786 33.129 46.78
8.1456 31.104 46.812
6.4421 30.851 46.341
19.993 33.781 50.434
15.791 30.499 48.278
13.942 34.653 49.421
13.822 33.768 49.064
6.5698 32.643 47.039
18.658 32.007 49.476
14.419 32.818 48.841
11.185 39.886 50.767
10.732 31.749 47.625
10.905 28.519 46.457
6.562 36.282 48.397
17.131 33.364 49.645
21.16 30.551 49.485
29.276 37.853 54.01
15.524 33.232 49.24
6.565 32.658 47.043
13.141 30.261 47.602
4.9674 29.619 45.554
7.421 28.046 45.509
7.4709 31.054 46.644
6.1357 29.645 45.822
14.707 33.448 49.14
4.4397 31.29 46.062
16.942 35.956 50.572
17.732 35.378 50.531
18.998 32.367 49.686
11.788 31.368 47.717
16.454 34.576 49.949
23.782 29.436 49.649
12.534 33.506 48.681
10.63 30.504 47.138
23.775 31.105 50.271
-4.9946 30.498 43.678
9.0921 33.287 47.838
28.084 30.26 50.909
8.5578 29.622 46.349
8.3908 33.236 47.663
3.6668 31.053 45.802
17.411 32.809 49.5
-2.2362 31.213 44.556
6.7132 32.603 47.055
15.12 26.266 46.547
12.114 33.042 48.415
16.674 36.145 50.583
13.123 34.324 49.117
16.805 34.037 49.825
3.3069 31.464 45.876
13.51 32.405 48.485
1.5641 32.546 45.895
17.276 32.216 49.248
9.6981 30.143 46.797
16.299 31.212 48.657
8.351 31.609 47.046
14.075 30.925 48.058
19.287 33.871 50.312
-0.59677 37.676 47.334
-0.86793 29.041 44.047
-0.24818 32.287 45.397
17.306 28.775 47.969
15.061 34.912 49.766
7.6653 35.153 48.219
21.607 28.282 48.736
13.439 36.346 49.943
1.076 29.575 44.676
5.2289 32.507 46.691
3.0062 34.457 46.928
18.44 32.329 49.548
8.5794 37.133 49.162
4.8747 38.155 48.724
8.1683 32.309 47.268
5.8878 27.736 45.054
17.621 31.184 48.939
14.975 30.104 47.949
13.824 30.29 47.764
14.488 29.478 47.608
12.309 32.175 48.134
6.1985 36.711 48.477
15.441 30.399 48.163
6.4216 31.373 46.531
5.1244 34.608 47.453
5.122 34.712 47.492
17.957 33.086 49.724
18.848 34.294 50.373
0.44155 33.947 46.17
10.906 31.146 47.439
13.802 32.959 48.757
7.8293 31.331 46.827
16.862 29.988 48.324
13.874 33.419 48.945
10.993 32.151 47.834
8.2141 31.582 47.006
16.615 32.652 49.265
17.955 34.209 50.143
15.25 32.879 49.048
10.444 32.435 47.818
18.248 32.626 49.616
5.9348 32.115 46.701
12.763 30.268 47.522
21.569 33.759 50.775
11.102 35.15 48.979
6.2022 30.806 46.271
25.538 36.311 52.607
10.298 31.606 47.476
14.896 31.455 48.437
6.3754 29.993 46.005
13.718 30.228 47.718
14.878 29.869 47.84
12.124 32.791 48.323
14.609 35.571 49.912
20.214 33.179 50.258
2.8148 33.91 46.681
13.734 35 49.505
-2.0097 26.411 42.811
12.146 31.625 47.892
25.034 32.789 51.179
18.499 33.604 50.037
11.608 29.082 46.823
9.4661 29.751 46.599
15.751 33.768 49.491
19.053 31.739 49.463
12.245 33.237 48.517
22.569 29.852 49.536
6.0981 28.347 45.329
-1.1891 33.702 45.718
7.3013 34.668 47.958
11.097 35.649 49.164
9.0951 28.574 46.077
5.9656 29.011 45.547
20.573 28.704 48.665
1.1548 31.907 45.565
8.5402 30.624 46.72
5.8513 34.939 47.738
8.4362 28.746 45.995
7.0727 28.104 45.454
15.261 32.459 48.893
5.3382 34.667 47.523
6.2863 30.205 46.065
12.342 29.17 47.018
19.226 31.666 49.474
-0.86475 28.341 43.786
24.068 32.039 50.685
6.332 33.852 47.438
16.399 32.487 49.155
18.529 27.731 47.849
20.726 30.8 49.482
8.4521 31.325 46.962
12.644 36.055 49.658
11.154 34.046 48.577
7.9251 31.872 47.051
14.168 34.928 49.574
14.127 29.664 47.598
9.5461 31.221 47.166
13.262 35.159 49.46
30.319 35.359 53.309
12.143 33.633 48.642
16.891 33.097 49.492
8.7442 30.689 46.79
8.6592 33.666 47.883
9.4626 30.148 46.746
15.937 33.285 49.351
6.702 32.63 47.063
-0.11813 34.548 46.271
12.244 31.048 47.698
9.2434 33.422 47.922
14.087 33.774 49.125
12.329 29.991 47.322
16.929 32.349 49.221
18.461 35.572 50.765
3.1441 32.251 46.134
1.699 31.31 45.463
15.489 33.021 49.154
13.981 31.385 48.208
5.8224 32.991 47.003
20.259 31.699 49.715
12.216 31.959 48.033
12.95 33.03 48.595
14.197 35.046 49.625
17.175 33.01 49.523
22.656 35.686 51.736
9.7061 27.464 45.797
0.28017 30.995 45.031
18.856 32.528 49.714
5.56 30.132 45.877
19.998 29.147 48.703
8.2123 33.38 47.678
22.16 33.37 50.76
6.6743 32.647 47.063
4.6471 32.884 46.703
18.183 30.053 48.641
2.7315 30.887 45.533
16.534 31.761 48.914
14.752 30.462 48.034
11.128 32.742 48.084
10.338 37.289 49.609
25.666 30.922 50.621
9.6612 33.448 48.024
10.451 29.687 46.793
6.0629 34.995 47.806
6.2904 29.833 45.927
8.1434 32.467 47.321
23.295 30.617 49.982
9.5188 33.145 47.879
7.3775 32.025 46.987
8.9839 31.902 47.296
17.57 38.594 51.697
3.0136 30.591 45.485
16.191 31.895 48.888
3.7878 37.999 48.425
10.819 29.436 46.78
-0.098978 33.237 45.785
15.307 29.593 47.832
16.918 34.305 49.95
7.4782 32.732 47.273
14.302 33.458 49.054
13.018 31.376 47.992
19.835 32.548 49.939
13.251 35.293 49.507
18.364 26.913 47.507
10.784 28.348 46.366
7.7647 32.929 47.41
11.572 30.536 47.358
10.585 31.337 47.439
17.513 28.653 47.969
11.384 29.977 47.107
6.254 31.096 46.391
10.77 30.377 47.121
19.737 30.062 48.988
9.107 31.057 47.007
7.3354 29.892 46.18
