3
2.7003 28.413 70.401
6.7993 20.071 78.599
-6.1431 28.916 52.714
3.7264 21.97 72.453
2.008 17.571 69.016
-3.1353 20.002 58.729
-0.37114 26.386 64.258
2.0835 27.221 69.167
12.316 25.313 89.632
9.7577 25.418 84.515
-3.2687 24.792 58.463
10.597 18.831 86.195
3.2939 21.108 71.588
0.8006 15.935 66.601
3.2602 21.613 71.52
0.35184 26.552 65.704
0.60742 25.699 66.215
5.7108 32.501 76.422
5.4558 24.309 75.912
5.4816 15.383 75.963
3.1235 29.812 71.247
-2.8184 27.356 59.363
3.2681 21.101 71.536
6.1553 24.629 77.311
2.546 26.228 70.092
4.272 24.97 73.544
3.2986 26.022 71.597
0.040436 22.423 65.081
1.9293 22.99 68.859
-1.4896 22.965 62.021
3.8094 20.386 72.619
-2.6274 27.926 59.745
-2.3801 22.517 60.24
-1.5599 25.255 61.88
-8.3106 18.317 48.379
5.5486 19.549 76.097
2.0283 22.805 69.057
-1.3873 21.67 62.225
5.3333 28.243 75.667
-4.4123 24.518 56.175
0.67668 25.029 66.353
0.23648 17.331 65.473
2.0094 19.432 69.019
1.9893 23.925 68.979
-1.735 21.253 61.53
0.90497 27.945 66.81
0.47861 28.077 65.957
2.985 21.065 70.97
4.4572 26.882 73.914
4.5078 28.89 74.016
-1.7311 23.824 61.538
1.2446 29.277 67.489
-2.8394 26.508 59.321
-2.5212 23.295 59.958
0.97834 26.367 66.957
5.8466 24.474 76.693
-1.4339 21.04 62.132
2.1744 24.554 69.349
0.28664 23.032 65.573
4.5334 22.128 74.067
-2.4439 29.291 60.112
1.103 23.866 67.206
2.7472 33.757 70.494
4.4804 22.384 73.961
5.8832 25.902 76.766
1.2717 29.124 67.543
-3.7168 32.783 57.566
-1.3474 23.815 62.305
-2.357 19.459 60.286
8.4328 27.203 81.866
-0.9467 17.635 63.107
3.3656 22.302 71.731
0.39152 23.954 65.783
3.81 29.147 72.62
-1.4187 28.161 62.163
-3.4344 22.229 58.131
-3.4979 25.877 58.004
2.5438 21.997 70.088
0.43909 25.457 65.878
0.38002 30.269 65.76
5.4883 24.276 75.977
1.9221 21.983 68.844
1.6255 21.172 68.251
6.0207 26.507 77.041
-1.5439 27.759 61.912
3.2029 31.501 71.406
3.6408 23.604 72.282
0.22931 23.511 65.459
1.682 20.67 68.364
-2.6867 28.643 59.627
-2.6301 22.165 59.74
1.3316 21.231 67.663
3.284 31.738 71.568
9.176 27.339 83.352
-1.1089 25.437 62.782
1.5924 19.224 68.185
0.73913 24.629 66.478
-5.1128 24.082 54.774
-0.38813 18.593 64.224
-4.6753 21.281 55.649
3.6575 21.842 72.315
-1.8082 24.608 61.384
1.3165 19.177 67.633
-0.72195 26.928 63.556
1.9598 30.005 68.92
-0.8984 21.548 63.203
2.5494 23.199 70.099
3.3381 25.298 71.676
6.4135 28.437 77.827
0.38613 24.914 65.772
-5.7621 23.512 53.476
-1.655 20.746 61.69
5.2836 22.753 75.567
-2.3905 24.849 60.219
4.0388 29.924 73.078
1.3923 25.244 67.785
5.5432 19.046 76.086
-5.2009 23.734 54.598
0.37482 22.552 65.75
-2.8195 21.489 59.361
10.196 23.537 85.392
3.6096 20.01 72.219
5.3607 22.421 75.721
-2.3463 19.483 60.307
-0.48189 21.375 64.036
0.13838 23.322 65.277
4.4735 24.191 73.947
0.12129 22.039 65.243
3.2185 22.746 71.437
-5.4884 22.156 54.023
-0.11897 24.594 64.762
-1.6044 27.536 61.791
-3.9871 24.635 57.026
2.6064 22.139 70.213
1.8917 25.432 68.783
1.1059 22.072 67.212
-3.2175 15.523 58.565
4.5654 14.512 74.131
2.1074 16.579 69.215
0.05427 21.947 65.109
1.0724 20.629 67.145
0.1715 20.108 65.343
-4.5347 22.326 55.931
0.096692 20.331 65.193
-1.629 20.182 61.742
-2.0965 24.879 60.807
-2.6569 25.459 59.686
-0.68726 32.113 63.625
-5.3329 23.212 54.334
4.0492 23.682 73.098
2.6446 21.04 70.289
0.93667 22.24 66.873
0.89004 22.789 66.78
-1.524 15.873 61.952
4.2214 22.494 73.443
0.57873 25.818 66.157
-1.2595 20.467 62.481
5.2735 25.541 75.547
0.28921 26.704 65.578
-0.86267 26.861 63.275
0.07107 25.847 65.142
-1.6814 13.911 61.637
-2.5422 20.299 59.916
8.9879 27.663 82.976
6.2351 25.302 77.47
1.9725 23.165 68.945
-2.9754 24.083 59.049
-1.7369 26.933 61.526
0.44175 23.507 65.884
3.5027 20.459 72.005
-3.2122 21.676 58.576
-6.3677 21.096 52.265
-3.5824 25.76 57.835
2.0547 24.743 69.109
2.2376 25.29 69.475
2.4283 23.783 69.857
0.588 21.546 66.176
1.5809 23.322 68.162
-0.50573 23.607 63.989
3.726 18.035 72.452
-3.3061 23.042 58.388
2.4389 26.781 69.878
-1.6839 22.174 61.632
-0.059005 28.885 64.882
2.7481 25.417 70.496
4.2859 21.877 73.572
-2.5343 21.878 59.931
4.9866 22.54 74.973
3.0876 24.24 71.175
0.78539 25.869 66.571
0.38266 21.785 65.765
0.31187 24.659 65.624
0.04149 29.603 65.083
1.0729 26.591 67.146
1.1622 26.197 67.324
3.6122 20.26 72.224
5.8287 21.671 76.657
2.4765 24.154 69.953
0.33683 22.514 65.674
2.977 17.05 70.954
1.5794 17.266 68.159
-2.2564 26.456 60.487
4.0017 20.536 73.003
1.971 31.134 68.942
1.4275 14.523 67.855
2.6294 24.969 70.259
1.8266 23.126 68.653
-1.9772 19.647 61.046
0.48664 24.477 65.973
0.53813 19.879 66.076
-0.68237 26.053 63.635
6.3193 24.055 77.639
-1.7693 16.283 61.461
-0.52996 13.45 63.94
-1.2516 21.571 62.497
-2.7132 26.847 59.574
0.39209 23.605 65.784
0.13331 23.079 65.267
5.8385 26.369 76.677
0.21251 17.526 65.425
-2.3653 27.974 60.269
6.0706 20.325 77.141
4.9044 23.731 74.809
0.27386 21.494 65.548
-3.7629 22.86 57.474
-0.40604 15.315 64.188
0.50687 28.784 66.014
1.873 25.229 68.746
0.17413 30.602 65.348
2.4022 28.656 69.804
2.2393 23.23 69.479
-2.955 18.797 59.09
-1.9977 15.866 61.005
-1.3436 22.714 62.313
-0.60586 23.602 63.788
-0.013749 26.868 64.973
1.0394 19.351 67.079
-8.5791 24.618 47.842
-0.44521 23.058 64.11
4.929 20.615 74.858
-2.3732 25.47 60.254
3.9527 24.464 72.905
2.1078 22.262 69.216
0.90828 30.202 66.817
1.577 25.428 68.154
-3.9491 21.834 57.102
0.73266 24.026 66.465
6.0721 24.095 77.144
1.311 23.714 67.622
1.1308 24.763 67.262
-1.3216 20.332 62.357
0.90256 19.922 66.805
1.7347 24.496 68.469
2.3484 30.448 69.697
-0.17892 21.644 64.642
0.25226 18.995 65.505
7.3995 23.043 79.799
-6.1415 20.068 52.717
8.0501 22.799 81.1
2.0675 24.988 69.135
4.1625 22.975 73.325
-4.2626 19.926 56.475
-0.86585 21.014 63.268
0.12068 17.785 65.241
2.3367 19.897 69.673
-4.2816 16.776 56.437
2.4914 21.24 69.983
-2.8354 18.254 59.329
1.2093 20.313 67.419
3.0629 22.15 71.126
2.0343 18.541 69.069
4.4236 23.439 73.847
4.1815 24.786 73.363
-1.0584 18.989 62.883
1.8129 27.404 68.626
-1.9864 16.455 61.027
-3.1799 20.867 58.64
3.9246 17.732 72.849
1.0002 21.675 67
0.82633 17.885 66.653
3.8812 21.223 72.762
2.8802 20.435 70.76
2.1074 18.611 69.215
4.9536 15.656 74.907
3.9403 25.613 72.881
1.7582 30.802 68.516
-1.1831 31.219 62.634
-1.0604 20.799 62.879
4.7698 23.389 74.54
-4.0971 20.445 56.806
0.92264 23.28 66.845
-5.1628 18.544 54.674
4.2271 16.106 73.454
3.725 23.269 72.45
1.0037 18.291 67.007
0.77599 15.654 66.552
-6.8623 30.947 51.275
2.8378 22.379 70.676
-5.9331 23.512 53.134
-6.3342 26.484 52.332
1.2528 16.562 67.506
-1.9994 24.138 61.001
2.3012 25.124 69.602
3.1408 23.64 71.282
3.7124 24.013 72.425
-1.1856 20.643 62.629
2.4211 25.992 69.842
1.3182 19.781 67.636
3.6123 20.331 72.225
2.6955 26.042 70.391
3.8394 29.909 72.679
0.58278 21.452 66.166
0.53451 20.989 66.069
4.1869 25.047 73.374
-5.7156 26.115 53.569
-0.59564 26.481 63.809
-3.018 23.436 58.964
-0.20984 20.38 64.58
3.0513 25.728 71.103
3.6112 23.087 72.222
-2.2095 27.811 60.581
-0.48965 17.364 64.021
1.4333 23.608 67.867
0.077047 27.819 65.154
1.9544 21.241 68.909
2.2647 20.788 69.529
-1.9408 18.97 61.118
0.44081 21.845 65.882
-5.7423 21.218 53.515
4.622 24.069 74.244
-0.98936 19.306 63.021
-2.8069 22.746 59.386
0.19696 20.558 65.394
-3.5178 20.905 57.964
0.93404 19.768 66.868
-0.77298 21.648 63.454
7.8867 37.755 80.773
4.6001 36.638 74.2
-6.8958 26.224 51.208
2.3956 26.235 69.791
-3.4213 17.424 58.157
0.19344 20.632 65.387
1.5199 20.697 68.04
3.3645 25.412 71.729
0.13655 24.727 65.273
5.9847 24.165 76.969
-0.52086 21.464 63.958
2.0357 19.597 69.071
3.1021 23.336 71.204
1.2694 27.419 67.539
3.7858 25.061 72.572
2.0221 23.849 69.044
-1.4797 25.155 62.041
-4.7091 24.389 55.582
6.8774 17.668 78.755
-0.91169 22.785 63.177
1.3269 21.412 67.654
2.7809 15.449 70.562
1.3592 17.947 67.718
-1.861 21.341 61.278
-0.47904 25.951 64.042
0.60506 22.059 66.21
5.6769 24.71 76.354
-1.7221 19.14 61.556
3.4813 15.08 71.963
1.976 23.507 68.952
0.26047 19.233 65.521
-2.3424 27.006 60.315
0.10147 29.535 65.203
0.72586 21.53 66.452
-3.6466 26.888 57.707
1.6077 26.757 68.215
-1.6003 17.171 61.799
0.70199 22.827 66.404
2.0632 24.163 69.126
-1.8608 24.581 61.278
0.088453 25.465 65.177
2.107 25.758 69.214
-4.8055 24.737 55.389
4.276 22.29 73.552
8.6668 25.608 82.334
4.0339 14.795 73.068
0.0014413 18.359 65.003
2.3554 27.823 69.711
-2.2761 19.969 60.448
6.9383 25.15 78.877
3.9748 29.243 72.95
3.4898 19.957 71.98
-1.7698 18.897 61.46
2.0118 21.258 69.024
-0.76548 24.431 63.469
0.015174 22.065 65.03
-0.80253 18.971 63.395
-2.2437 16.467 60.513
-1.8737 21.146 61.253
0.33625 22.05 65.672
-4.3723 20.137 56.255
2.9214 22.281 70.843
0.62749 18.734 66.255
3.2109 25.443 71.422
1.8527 14.769 68.705
2.5631 23.79 70.126
-3.69 24.868 57.62
-2.2264 19.253 60.547
-0.41352 22.569 64.173
1.3468 24.174 67.694
4.5694 21.173 74.139
0.083056 22.81 65.166
4.9894 25.182 74.979
2.5034 19.623 70.007
4.7129 26.767 74.426
1.4014 27.267 67.803
-1.077 23.923 62.846
-3.6846 22.355 57.631
1.4917 18.598 67.983
3.5885 25.29 72.177
0.074755 18.188 65.15
-0.71012 28.858 63.58
0.023989 24.877 65.048
-2.4677 23.498 60.065
-0.55903 21.253 63.882
0.42845 14.549 65.857
1.145 18.426 67.29
0.7983 24.374 66.597
2.9332 32.563 70.866
1.3457 25.897 67.691
6.7364 25.051 78.473
1.9867 21.065 68.973
6.7063 24.326 78.413
-1.2867 26.356 62.427
2.6651 22.274 70.33
0.17701 30.148 65.354
2.8978 18.594 70.796
2.8782 21.836 70.756
-5.9128 22.165 53.174
-3.1965 14.86 58.607
-3.5569 24.49 57.886
2.2707 23.49 69.541
5.6492 24.008 76.298
-0.033477 25.9 64.933
3.5688 27.397 72.138
2.7251 26.342 70.45
-2.3256 20.699 60.349
2.2569 23.009 69.514
-1.3777 24.002 62.245
5.7949 18.888 76.59
0.89702 19.002 66.794
6.1735 22.135 77.347
-0.34415 23.097 64.312
2.864 30.164 70.728
0.80144 26.035 66.603
-5.394 20.34 54.212
-2.1058 20.116 60.788
2.9369 29.186 70.874
0.82643 33.481 66.653
-2.5377 23.113 59.925
-0.98078 20.862 63.038
1.789 17.688 68.578
-2.1402 26.277 60.72
4.0831 24.576 73.166
-1.0261 27.176 62.948
6.7201 20.365 78.44
-2.4148 23.413 60.17
1.6299 20.58 68.26
-3.8099 27.179 57.38
-1.2883 20.538 62.423
-0.87602 22.383 63.248
2.2691 21.853 69.538
3.9793 27.268 72.959
1.9502 24.789 68.9
-0.17975 18.963 64.64
3.5788 20.955 72.158
3.5263 19.359 72.053
1.3801 25.001 67.76
2.8064 24.547 70.613
2.3054 16.91 69.611
-2.121 15.202 60.758
3.402 23.205 71.804
-1.0783 25.368 62.843
-0.90976 23.362 63.18
1.5596 17.15 68.119
0.027589 16.889 65.055
0.58315 26.27 66.166
2.8827 22.724 70.765
4.3104 22.012 73.621
0.374 27.965 65.748
2.0362 20.094 69.072
0.24642 23.408 65.493
1.726 24.715 68.452
2.3914 26.36 69.783
-0.9507 19.423 63.099
1.8691 24.504 68.738
2.9009 33.85 70.802
1.2919 17.228 67.584
6.4702 25.489 77.94
-0.92443 21.828 63.151
-1.3308 19.471 62.338
-4.5336 18.972 55.933
3.8792 25.346 72.758
3.742 32.312 72.484
0.74736 19.911 66.495
3.8412 25.506 72.682
1.5809 20.938 68.162
1.9196 30.736 68.839
1.3572 25.147 67.714
2.3913 22.679 69.783
1.3215 25.431 67.643
9.8143 24.301 84.629
-2.6893 26.702 59.621
-4.8638 21.407 55.272
-2.6072 18.148 59.786
-2.4575 23.429 60.085
-0.37119 28.795 64.258
0.46725 18.32 65.935
0.30894 21.965 65.618
2.7118 27.119 70.424
2.231 15.804 69.462
3.3756 25.76 71.751
6.6233 26.738 78.247
4.8677 24.401 74.735
-3.058 19.431 58.884
-6.3648 21.868 52.27
3.8522 23.786 72.704
-4.8048 25.724 55.39
1.2111 25.582 67.422
1.1122 21.671 67.224
8.0429 30.283 81.086
0.78113 22.772 66.562
-0.6043 19.635 63.791
1.7457 21.427 68.491
1.7773 26.417 68.555
1.2215 23.784 67.443
-0.9245 26.128 63.151
-2.8662 22.686 59.268
2.0009 32.709 69.002
-3.2465 15.961 58.507
-2.2641 20.912 60.472
5.2097 23.308 75.419
-0.32469 23.144 64.351
0.55626 28.531 66.113
3.8455 24.27 72.691
0.050966 22.416 65.102
4.2551 23.752 73.51
-0.091194 25.725 64.818
4.2028 20.83 73.406
2.9901 25.031 70.98
0.32639 16.883 65.653
-1.7376 22.286 61.525
-2.2986 18.885 60.403
0.14597 20.362 65.292
-0.38552 23.878 64.229
-0.29234 18.482 64.415
4.1102 19.665 73.22
0.058599 17.032 65.117
4.6166 14.976 74.233
-0.68113 22.165 63.638
4.0755 27.931 73.151
-0.6515 22.053 63.697
1.5584 22.184 68.117
4.0697 19.437 73.139
-0.3091 28.89 64.382
-0.38593 21.833 64.228
7.3353 28.924 79.671
4.0073 24.842 73.015
-0.36612 21.784 64.268
3.0521 27.467 71.104
-0.13866 26.606 64.723
3.2322 22.906 71.464
5.4773 28.653 75.955
-4.0739 29.086 56.852
4.2535 23.236 73.507
5.6105 22.709 76.221
1.1501 24.578 67.3
6.5221 25.18 78.044
1.4914 26.178 67.983
-2.9121 21.431 59.176
-5.9364 24.708 53.127
-0.054326 26.872 64.891
3.2564 24.021 71.513
2.0037 23.74 69.007
2.308 18.375 69.616
-0.8249 18.218 63.35
1.4554 17.451 67.911
-4.1819 17.44 56.636
-1.4036 22.043 62.193
-1.5893 16.404 61.821
2.6435 31.88 70.287
0.95522 25.835 66.91
-2.6541 14.504 59.692
0.96988 18.558 66.94
-1.1814 22.261 62.637
-1.1083 16.1 62.783
3.7327 21.642 72.465
1.3587 27.247 67.717
2.2597 22.559 69.519
3.7954 23.161 72.591
1.57 19.236 68.14
2.742 21.125 70.484
3.1597 18.129 71.319
4.7018 24.955 74.404
2.5048 21.488 70.01
5.4659 26.681 75.932
1.0715 27.766 67.143
0.84862 27.118 66.697
6.3801 23.673 77.76
-0.61185 20.821 63.776
0.99097 18.294 66.982
3.9089 23.892 72.818
1.4737 26.759 67.947
5.4428 22.356 75.886
4.2702 22.824 73.54
1.922 25.507 68.844
-1.4593 25.952 62.081
2.7921 17.822 70.584
-3.3722 23.113 58.256
1.7731 23.869 68.546
3.5565 22.803 72.113
1.6737 26.533 68.347
3.7818 22.017 72.564
7.4475 20.791 79.895
3.9217 24.499 72.843
1.8441 24.894 68.688
3.0291 22.468 71.058
2.3455 26.262 69.691
-3.1575 16.541 58.685
-0.31681 18.671 64.366
4.8728 11.772 74.746
0.86217 24.984 66.724
2.8418 19.467 70.684
-2.1828 21.55 60.634
1.204 26.91 67.408
2.8983 23.481 70.797
-3.3055 20.661 58.389
2.0992 19.904 69.198
0.42496 21.99 65.85
-1.9711 24.872 61.058
0.88131 17.154 66.763
-4.9966 21.838 55.007
-5.7293 24.998 53.541
-2.7218 16.981 59.556
-2.1323 25.103 60.735
-2.7095 25.07 59.581
-4.4563 18.791 56.087
1.9115 17.354 68.823
-4.0413 23.909 56.917
1.3485 26.159 67.697
3.4889 25.599 71.978
0.99296 25.931 66.986
1.2944 18.5 67.589
-0.19584 25.065 64.608
-3.6886 20.067 57.623
0.86143 20.821 66.723
4.0384 17.475 73.077
6.4968 28.054 77.994
-0.36043 23.469 64.279
-4.146 26.086 56.708
1.526 28.887 68.052
2.1899 18.807 69.38
0.28232 25.364 65.565
-2.6332 22.406 59.734
7.4015 27.474 79.803
-6.4615 26.139 52.077
-0.61267 25.912 63.775
-3.1793 19.23 58.641
-1.0116 22.212 62.977
2.0051 24.166 69.01
1.4365 35.206 67.873
-1.2475 27.378 62.505
3.4571 32.289 71.914
2.9682 24.888 70.936
3.0472 24.121 71.094
-0.34597 25.155 64.308
4.3159 21.469 73.632
3.0893 28.086 71.179
8.9334 23.584 82.867
4.363 18.225 73.726
4.6585 26.896 74.317
1.1675 16.996 67.335
-3.0742 15.3 58.852
-0.1739 23.933 64.652
-1.3963 18.985 62.207
-0.78343 19.232 63.433
2.7555 22.641 70.511
-0.76069 20.857 63.479
-1.8306 21.719 61.339
-0.29441 23.852 64.411
0.49123 18.432 65.982
2.2944 18.488 69.589
-2.0125 14.478 60.975
2.0034 21.65 69.007
1.2467 25.59 67.493
5.1881 20.929 75.376
0.3259 24.826 65.652
0.57474 25.013 66.149
-2.7042 26.253 59.592
-3.3806 26.146 58.239
1.9819 20.5 68.964
0.21105 19.588 65.422
2.593 23.425 70.186
-1.8228 20.021 61.354
7.0352 29.489 79.07
1.3865 28.362 67.773
4.311 23.862 73.622
0.28242 21.251 65.565
0.48612 24.886 65.972
3.1821 20.805 71.364
2.7575 22.783 70.515
-2.5426 20.43 59.915
-3.8468 22.679 57.306
-2.4718 26.816 60.056
-3.4771 25.182 58.046
1.1884 27.424 67.377
-0.30049 19.289 64.399
-0.16375 23.517 64.672
-3.3037 18.575 58.393
3.4652 24.849 71.93
2.3895 24.46 69.779
0.71659 27.94 66.433
4.2293 27.71 73.459
-1.7638 25.096 61.472
2.3114 21.255 69.623
2.1019 21.336 69.204
2.1044 15.28 69.209
-1.3061 20.931 62.388
2.0336 17.193 69.067
-0.6282 26.33 63.744
-1.8348 26.042 61.33
-2.8051 22.961 59.39
4.2819 22.038 73.564
-1.6751 23.149 61.65
0.4532 29.087 65.906
-2.8221 27.612 59.356
0.060403 21.135 65.121
-9.2206 22.114 46.559
-2.4373 18.177 60.125
-3.5108 23.864 57.978
-2.208 25.36 60.584
0.32559 26.358 65.651
-0.02884 16.96 64.942
7.1487 25.862 79.297
-0.80811 19.407 63.384
0.20933 21.434 65.419
-3.9626 25.285 57.075
-0.50962 23.92 63.981
-3.2311 21.736 58.538
1.0958 25.347 67.192
3.6977 29.687 72.395
2.2784 20.795 69.557
-1.2156 17.478 62.569
-4.1562 17.759 56.688
5.617 20.063 76.234
7.4828 21.392 79.966
1.3811 25.274 67.762
-2.1303 14.513 60.739
4.7877 24.475 74.575
-0.87414 19.727 63.252
-0.48567 27.004 64.029
3.803 20.132 72.606
-3.3804 22.372 58.239
-5.1878 18.468 54.624
2.3303 20.58 69.661
2.2672 22.19 69.534
1.3009 22.166 67.602
2.5707 21.218 70.141
4.4223 27.85 73.845
4.0688 25.575 73.138
-0.79797 29.861 63.404
3.5614 22.318 72.123
1.5479 27.182 68.096
-0.59867 14.691 63.803
-2.7736 24.888 59.453
3.0459 24.735 71.092
-0.11825 21.394 64.763
1.1468 25.695 67.294
-1.5075 25.997 61.985
-3.9032 26.238 57.194
1.5426 24.695 68.085
0.8035 25.281 66.607
4.7917 20.978 74.583
3.5352 19.171 72.07
4.3308 22.471 73.662
-1.3682 23.362 62.264
-1.9609 26.211 61.078
-3.0132 19.359 58.974
2.5748 21.355 70.15
9.8198 35.756 84.64
3.3008 20.952 71.602
-1.4446 30.015 62.111
3.6457 27.091 72.291
-2.5681 20.321 59.864
-3.5046 21.915 57.991
3.2688 22.513 71.538
-1.46 24.451 62.08
1.9992 28.399 68.998
5.4479 17.372 75.896
2.2685 30.969 69.537
3.9398 26.431 72.88
-4.078 20.128 56.844
3.092 22.829 71.184
7.7625 25.166 80.525
2.7112 24.395 70.422
-3.8727 26.885 57.255
0.35761 27.094 65.715
-0.58103 21.384 63.838
2.2112 22.682 69.422
2.303 26.016 69.606
2.2823 23.655 69.565
-0.15038 27.195 64.699
-0.89506 20.076 63.21
-0.86444 24.533 63.271
3.6991 24.513 72.398
-4.8597 27.471 55.281
0.34445 17.73 65.689
1.855 23.131 68.71
-1.0642 22.896 62.872
2.5091 14.224 70.018
0.77447 27.764 66.549
-1.9672 33.353 61.066
1.5103 22.184 68.021
0.15193 23.976 65.304
-0.29613 21.02 64.408
-1.2494 24.14 62.501
1.1943 21.569 67.389
-4.838 21.733 55.324
-0.25964 29.031 64.481
-0.71885 19.486 63.562
-1.8837 20.354 61.233
3.064 23.018 71.128
-1.322 22.143 62.356
2.7096 28.789 70.419
4.0859 31.271 73.172
0.50393 19.166 66.008
1.8785 20.668 68.757
3.0223 25.304 71.045
0.74393 21.498 66.488
2.7104 30.917 70.421
-2.9926 28.689 59.015
4.5115 25.675 74.023
-2.1293 24.697 60.741
-4.7833 20.832 55.433
5.3782 26.592 75.756
0.80164 27.304 66.603
2.4196 23.757 69.839
-0.14872 30.239 64.703
-2.2274 25.094 60.545
-8.7176 21.119 47.565
2.9805 24.723 70.961
0.093424 27.079 65.187
0.37595 21.376 65.752
2.2826 22.864 69.565
-3.4884 31.449 58.023
-1.3067 20.832 62.387
4.6282 27.182 74.256
2.8906 26.428 70.781
-3.0518 28.5 58.896
-5.9673 23.977 53.065
-0.80644 13.253 63.387
1.6767 19.825 68.353
3.9801 25.414 72.96
1.2964 24.035 67.593
-2.5491 30.011 59.902
1.9682 28.551 68.936
-2.7072 24.354 59.586
-2.0388 22.863 60.922
-1.0673 16.738 62.865
-2.8877 29.579 59.225
0.14313 23.387 65.286
-1.8459 16.631 61.308
0.096581 24.53 65.193
-0.46231 23.176 64.075
-0.29585 20.613 64.408
-0.59233 24.656 63.815
4.9 20.865 74.8
2.93 18.108 70.86
1.1868 16.285 67.374
-3.6389 20.906 57.722
-4.1412 19.818 56.718
-5.2131 23.76 54.574
9.2384 18.46 83.477
4.0749 22.661 73.15
1.8126 17.336 68.625
-2.0808 29.494 60.838
-2.6251 22.007 59.75
2.7318 27.973 70.464
5.9492 25.645 76.898
-4.3548 25.689 56.29
-0.42112 18.35 64.158
0.73345 27.794 66.467
-5.2992 27.638 54.402
3.6603 15.416 72.321
-0.31127 22.125 64.377
7.0468 21.401 79.094
-0.23613 23.416 64.528
2.2939 19.926 69.588
-2.6127 23.531 59.775
-0.97599 24.999 63.048
-2.6958 23.386 59.608
2.2414 22.731 69.483
5.1168 18.661 75.234
-0.87726 22.94 63.245
2.3799 21.205 69.76
-0.59493 17.844 63.81
1.3229 22.832 67.646
4.7829 22.761 74.566
1.3804 23.795 67.761
-2.2788 26.323 60.442
-1.7104 24.808 61.579
0.46281 27.939 65.926
0.39389 20.106 65.788
-1.7379 19.266 61.524
1.5713 22.721 68.143
5.0051 28.918 75.01
0.20573 27.892 65.411
0.35309 22.419 65.706
-5.9618 19.661 53.076
-1.4492 16.788 62.102
-3.4059 24.922 58.188
-0.22138 22.905 64.557
2.662 18.722 70.324
5.817 22.436 76.634
6.6873 16.821 78.375
0.63038 24.597 66.261
-0.012549 22.179 64.975
3.5852 29.658 72.17
2.55 18.007 70.1
3.4199 27.093 71.84
3.4611 23.921 71.922
-3.6811 22.615 57.638
2.7088 26.011 70.418
0.71053 27.544 66.421
-1.4041 18.522 62.192
-1.1933 27.741 62.613
5.0523 18.957 75.105
-1.5606 18.487 61.879
-2.9112 19.828 59.178
1.6789 25.933 68.358
7.3586 19.841 79.717
1.0808 24.299 67.162
1.9749 24.729 68.95
-1.967 23.147 61.066
6.2943 25.926 77.589
1.3952 18.551 67.79
2.6763 27.124 70.353
-2.0107 22.985 60.979
3.7007 26.211 72.401
2.2306 19.404 69.461
-2.6556 22.652 59.689
1.1257 26.392 67.251
-0.42492 26.684 64.15
1.3455 22.728 67.691
0.20768 15.756 65.415
0.39948 18.694 65.799
-2.2664 23.35 60.467
-0.022339 25.9 64.955
3.424 25.144 71.848
6.5171 21.473 78.034
-2.6699 31.077 59.66
8.518 24.406 82.036
5.8259 27.051 76.652
1.5329 21.482 68.066
0.047501 18.571 65.095
-1.2093 25.303 62.581
3.6335 27.384 72.267
-1.1965 29.675 62.607
-0.4606 20.748 64.079
3.7942 17.162 72.588
2.3786 29.423 69.757
3.8358 24.441 72.672
2.5961 18.907 70.192
-0.26775 20.66 64.465
-0.62493 19.647 63.75
3.5183 27.84 72.037
-1.1225 24.958 62.755
4.7525 24.496 74.505
3.5004 24.299 72.001
1.9099 19.979 68.82
1.0102 26.819 67.02
2.1562 24.505 69.312
12.152 23.669 89.305
0.64444 22.237 66.289
-3.9224 21.871 57.155
7.0561 20.499 79.112
2.9285 26.139 70.857
-1.0489 28.044 62.902
9.2767 33.751 83.553
2.7423 25.198 70.485
1.9304 19.978 68.861
-1.4598 23.404 62.08
-2.3676 18.624 60.265
-4.5922 19.804 55.816
-0.33739 20.266 64.325
-2.3302 19.298 60.34
3.0484 24.761 71.097
-0.0044285 18.562 64.991
6.594 26.404 78.188
5.7769 26.774 76.554
1.5186 27.066 68.037
0.10582 22.787 65.212
4.6435 25.926 74.287
-2.6256 29.387 59.749
3.1304 23.523 71.261
-1.1159 21.999 62.768
-0.26593 29.623 64.468
-1.1244 13.038 62.751
2.8203 21.518 70.641
-1.4605 31.973 62.079
-2.3633 20.683 60.273
2.7487 21.108 70.497
-0.339 18.085 64.322
2.1434 26.219 69.287
-0.11277 14.723 64.774
1.8524 20.055 68.705
-7.1095 23.963 50.781
2.4732 23.215 69.946
6.8615 26.277 78.723
4.2865 23.979 73.573
3.8805 26.049 72.761
0.2419 17.938 65.484
1.5724 23.924 68.145
1.7724 17.094 68.545
1.3048 26.057 67.61
-1.6262 21.412 61.748
-0.11392 25.352 64.772
0.44731 20.851 65.895
-0.51996 24.035 63.96
3.6463 27.449 72.293
9.027 16.594 83.054
-3.1848 15.194 58.63
1.4058 16.018 67.812
-3.5612 25.578 57.878
5.1189 25.175 75.238
5.4585 20.969 75.917
-4.2574 27.973 56.485
7.1465 24.452 79.293
-2.4301 16.386 60.14
1.7173 19.19 68.435
4.4751 18.197 73.95
1.4655 26.74 67.931
8.2595 21.778 81.519
9.7044 19.801 84.409
1.4374 20.847 67.875
-5.0307 18.88 54.939
-0.15421 26.106 64.692
-1.682 24.432 61.636
-1.4184 23.799 62.163
-2.5661 24.063 59.868
1.2473 23.202 67.495
7.6617 20.352 80.323
-1.2637 24.742 62.473
0.11293 19.711 65.226
4.6887 19.433 74.377
4.8353 19.447 74.671
2.5354 26.573 70.071
4.2445 27.258 73.489
3.7535 16.652 72.507
-0.20722 22.25 64.586
2.3563 24.172 69.713
0.054066 20.512 65.108
-1.8456 25.498 61.309
3.0072 24.279 71.014
1.2133 22.445 67.427
0.40827 20.769 65.817
1.9225 25.741 68.845
4.1234 26.733 73.247
2.2426 24.99 69.485
1.6152 22.171 68.23
1.8848 26.673 68.77
1.162 19.538 67.324
-1.4491 23.188 62.102
3.488 28.741 71.976
5.4554 22.939 75.911
-0.68897 19.503 63.622
7.0961 31.385 79.192
0.44266 21.967 65.885
0.22919 24.582 65.458
-1.8385 19.485 61.323
-1.5056 23.73 61.989
-2.0136 24.343 60.973
2.1191 23.185 69.238
6.0502 25.011 77.1
2.668 27.88 70.336
3.7012 18.008 72.402
5.2433 24.427 75.487
-6.9042 14.161 51.192
0.47013 23.03 65.94
2.1163 30.588 69.233
3.2682 26.958 71.536
-3.1263 22.354 58.747
-2.1808 21.223 60.638
3.5004 25.406 72.001
0.63137 27.007 66.263
2.749 23.319 70.498
-2.0378 28.751 60.924
-4.1665 19.089 56.667
3.4071 15.682 71.814
4.7736 20.69 74.547
6.161 23.008 77.322
-3.8452 20.84 57.31
-3.2275 19.109 58.545
-3.6607 27.441 57.679
0.86825 16.767 66.736
-0.94641 20.818 63.107
5.1557 19.898 75.311
-3.6013 20.487 57.797
-4.5098 19.613 55.98
1.6492 24.936 68.298
4.7724 19.564 74.545
-1.5387 19.465 61.923
-3.0023 22.788 58.995
0.52777 27.096 66.056
-4.1749 15.095 56.65
1.0548 29.926 67.11
3.6196 20.017 72.239
1.6885 25.593 68.377
-5.0376 26.129 54.925
-0.69758 27.831 63.605
0.04489 20.868 65.09
6.7351 23.954 78.47
3.893 22.81 72.786
0.81949 20.645 66.639
5.1406 24.665 75.281
-2.3037 23.883 60.393
-0.10132 21.481 64.797
5.4669 24.179 75.934
5.751 33.989 76.502
3.3097 23.317 71.619
2.5519 25.963 70.104
-0.85349 20.944 63.293
3.3556 21.324 71.711
-1.6189 21.278 61.762
2.8168 25.443 70.634
1.8913 20.053 68.783
4.6028 16.418 74.206
-0.34671 23.003 64.307
3.0117 21.624 71.023
3.5082 24.453 72.016
-1.8409 22.899 61.318
1.4941 25.877 67.988
6.051 27.22 77.102
1.3556 17.958 67.711
0.024042 16.993 65.048
2.4441 25.148 69.888
0.13005 24.047 65.26
2.4013 19.6 69.803
0.57384 27.692 66.148
0.94204 23.118 66.884
2.4571 23.694 69.914
5.308 24.699 75.616
2.429 26.113 69.858
6.2126 29.642 77.425
-5.4142 21.031 54.172
-0.42067 16.134 64.159
1.7463 27.008 68.493
-1.641 19.038 61.718
-3.0349 27.175 58.93
2.9512 21.027 70.902
2.9375 29.024 70.875
1.9151 20.039 68.83
2.2501 18.911 69.5
-1.753 26.265 61.494
-0.57383 17.525 63.852
0.66267 25.565 66.325
-1.1751 24.357 62.65
2.0495 22.607 69.099
8.4795 22.809 81.959
-0.52495 30.681 63.95
3.0474 21.867 71.095
-2.2711 21.778 60.458
5.236 20.027 75.472
-2.0647 19.413 60.871
1.66 20.856 68.32
-0.95616 29.278 63.088
2.6191 21.742 70.238
1.0359 20.353 67.072
0.8609 21.256 66.722
10.326 27.145 85.652
-0.99238 17.644 63.015
0.85175 25.388 66.704
9.4845 19.155 83.969
-2.6262 21.953 59.748
2.7487 16.24 70.497
-2.4041 24.549 60.192
4.2592 26.152 73.518
2.0357 20.513 69.071
3.0622 24.53 71.124
0.11816 23.494 65.236
1.7754 27.572 68.551
5.6565 24.192 76.313
-6.1945 25.916 52.611
-4.1649 21.776 56.67
2.3138 20.705 69.628
-1.0706 22.543 62.859
0.062864 22.093 65.126
-3.7337 25.679 57.533
-1.8613 22.355 61.277
-0.27813 19.575 64.444
-1.2952 22.061 62.41
-1.7401 27.158 61.52
-0.334 21.205 64.332
-1.981 20.021 61.038