7.2169 51.48 40.042
12.561 35.829 47.374
-4.3135 53.756 24.222
8.5548 39.723 41.877
6.3143 32.072 38.803
-0.39174 37.244 29.603
3.2123 48.308 34.547
6.4127 49.43 38.938
19.754 44.41 57.242
16.419 44.996 52.666
-0.56573 45.888 29.364
17.513 33.01 54.168
7.9909 38.239 41.104
4.74 29.315 36.643
7.947 39.153 41.043
4.1549 48.493 35.841
4.4881 46.919 36.298
11.142 58.371 45.427
10.81 43.666 44.971
10.843 27.596 45.017
7.7687 53.933 40.799
0.021404 50.432 30.169
7.9573 38.23 41.057
11.722 44.133 46.222
7.0158 47.571 39.766
9.2661 45.038 42.853
7.997 47.082 41.112
3.7489 41.11 35.283
6.2117 41.838 38.662
1.7539 42.323 32.546
8.6629 36.86 42.026
0.27051 51.428 30.511
0.59293 41.655 30.954
1.6624 46.455 32.421
-7.1396 35.014 20.345
10.931 35.084 45.137
6.3408 41.489 38.84
1.8874 39.977 32.729
10.65 50.765 44.752
-2.0568 45.57 27.318
4.5784 45.702 36.422
4.0045 31.915 35.634
6.3161 35.421 38.806
6.2899 43.512 38.77
1.434 39.279 32.108
4.8761 50.915 36.83
4.3202 51.219 36.067
7.5881 38.21 40.551
9.5076 48.452 43.184
9.5737 52.058 43.275
1.4391 43.907 32.114
5.319 53.26 37.438
-0.0059328 48.909 30.132
0.40892 43.076 30.701
4.9718 48.064 36.961
11.319 43.903 45.67
1.8266 38.85 32.646
6.5312 44.615 39.101
4.0699 42.169 35.724
9.607 39.884 43.321
0.50967 53.857 30.839
5.1342 43.543 37.184
7.2781 61.092 40.126
9.5379 40.351 43.226
11.367 46.466 45.735
5.3543 52.981 37.486
-1.15 60.34 28.562
1.9394 43.83 32.801
0.62299 36.146 30.995
14.691 48.413 50.296
2.4618 32.644 33.518
8.0844 40.378 41.232
4.2066 43.811 35.912
8.6638 52.629 42.027
1.8464 51.665 32.673
-0.7817 41.299 29.068
-0.86461 47.875 28.954
7.0129 39.955 39.762
4.2687 46.51 35.997
4.1917 55.18 35.891
10.852 43.601 45.029
6.2022 40.027 38.649
5.8156 38.612 38.119
11.546 47.535 45.981
1.6831 50.96 32.449
7.8723 56.96 40.941
8.4432 42.678 41.724
3.9951 43.039 35.621
5.8892 37.701 38.22
0.1931 52.729 30.405
0.26687 41.06 30.506
5.4324 38.764 37.593
7.9779 57.375 41.086
15.66 48.544 51.626
2.2503 46.714 33.227
5.7724 35.111 38.06
4.6599 44.973 36.533
-2.9701 44.895 26.065
3.1901 34.283 34.517
-2.3997 39.785 26.848
8.465 39.504 41.754
1.3385 45.329 31.977
5.4127 35.07 37.566
2.7548 49.336 33.92
6.2514 54.459 38.717
2.5248 39.68 33.604
7.0202 42.118 39.772
8.0485 45.774 41.182
12.058 50.948 46.684
4.1996 45.541 35.902
-3.8167 43.969 24.904
1.5383 38.354 32.251
10.585 40.891 44.663
0.57939 45.854 30.935
8.9621 53.993 42.436
5.5115 45.978 37.702
10.924 34.179 45.127
-3.085 44.283 25.907
4.1849 41.291 35.882
0.019925 39.872 30.167
16.99 41.541 53.45
8.4025 36.213 41.668
10.686 40.282 44.801
0.63701 36.188 31.014
3.0678 39.304 34.349
3.8766 42.712 35.459
9.5289 43.606 43.214
3.8543 40.407 35.428
7.8925 41.199 40.969
-3.4599 41.487 25.393
3.541 45.042 34.998
1.6043 50.568 32.341
-1.5024 45.716 28.079
7.0944 40.201 39.874
6.1627 46.24 38.595
5.138 40.313 37.189
-0.4989 29.195 29.456
9.6488 26.17 43.378
6.4438 30.272 38.981
3.7669 40.251 35.308
5.0944 37.721 37.129
3.9198 36.922 35.518
-2.2163 41.645 27.099
3.8222 37.337 35.384
1.5722 37.335 32.297
0.96263 45.862 31.461
0.23203 46.992 30.458
2.8001 58.664 33.982
-3.2571 43.364 25.671
8.9756 42.754 42.455
7.1443 38.217 39.942
4.9174 40.642 36.887
4.8566 41.638 36.803
1.7091 29.562 32.485
9.2001 40.59 42.763
4.4507 47.137 36.246
2.0539 37.791 32.958
10.572 45.911 44.645
4.0732 48.778 35.729
2.5714 49.238 33.668
3.7888 47.268 35.338
1.5039 26.056 32.203
0.38159 37.688 30.664
15.415 49.156 51.289
11.826 45.333 46.365
6.268 42.145 38.74
-0.18323 44.566 29.889
1.4316 49.504 32.104
4.2721 43 36.001
8.2631 37.039 41.477
-0.49199 40.269 29.465
-4.6063 39.715 23.82
-0.97478 47.677 28.803
6.3751 44.974 38.887
6.6136 45.93 39.214
6.8623 43.187 39.555
4.4628 39.446 36.263
5.7574 42.49 38.039
3.0368 43.326 34.306
8.5542 32.64 41.876
-0.61441 42.742 29.297
6.8761 48.583 39.574
1.5007 40.929 32.199
3.6192 52.757 35.106
7.2792 46.079 40.127
9.2843 39.47 42.878
0.39186 40.528 30.678
10.198 40.555 44.131
7.7218 43.908 40.734
4.7202 47.197 36.616
4.1951 39.909 35.896
4.1028 45.093 35.769
3.7503 54.034 35.285
5.095 48.453 37.13
5.2115 47.728 37.29
8.4059 36.663 41.673
11.296 38.86 45.638
6.9251 43.848 39.641
4.1353 41.227 35.814
7.5777 30.984 40.537
5.7555 31.589 38.036
0.75416 48.725 31.175
8.9137 37.1 42.37
6.266 56.491 38.737
5.5573 26.676 37.765
7.1244 45.292 39.915
6.0778 42.099 38.479
1.1182 36.425 31.674
4.3307 44.738 36.082
4.3978 36.454 36.174
2.8065 47.755 33.99
11.935 43.075 46.515
1.3893 30.339 32.046
3.0052 25.048 34.263
2.0643 39.777 32.972
0.1586 49.5 30.358
4.2074 43.184 35.913
3.87 42.276 35.45
11.309 47.315 45.655
3.9732 32.269 35.591
0.61214 51.474 30.98
11.611 36.399 46.071
10.091 42.71 43.984
4.0532 39.401 35.701
-1.2101 42.487 28.48
3.1668 28.385 34.485
4.357 52.487 36.118
6.1383 45.877 38.562
3.9232 55.811 35.523
6.8283 51.963 39.508
6.6158 42.222 39.217
-0.15668 35.048 29.925
1.0915 29.624 31.638
1.9443 41.848 32.808
2.9062 43.332 34.127
3.6782 49.119 35.187
5.0514 35.425 37.071
-7.4896 46.397 19.864
3.1157 42.328 34.415
10.123 37.099 44.028
0.60188 46.968 30.966
8.8499 44.178 42.282
6.4444 40.501 38.982
4.8804 54.978 36.836
5.7523 46.281 38.032
-1.4529 40.668 28.147
4.6514 43.889 36.522
11.613 43.186 46.073
5.4055 43.237 37.556
5.1706 45.153 37.234
1.9729 37.557 32.847
4.873 36.474 36.826
5.958 44.58 38.314
6.758 55.197 39.412
3.4629 39.742 34.891
4.0251 34.907 35.662
13.344 41.086 48.448
-4.3114 37.83 24.225
14.192 40.546 49.612
6.3918 45.413 38.91
9.1234 41.464 42.657
-1.8615 37.282 27.586
2.5672 38.715 33.662
3.8535 32.749 35.427
6.7429 36.207 39.391
-1.8864 31.616 27.552
6.9446 38.602 39.668
-0.00069711 34.051 30.139
5.2729 37.132 37.374
7.6897 40.15 40.69
6.3485 33.814 38.85
9.4638 42.26 43.124
9.1482 44.721 42.691
2.3162 35.099 33.318
6.0599 49.8 38.454
1.1062 30.683 31.658
-0.44987 38.808 29.523
8.8132 32.064 42.232
5.0002 39.616 37
4.7736 32.82 36.689
8.7567 38.354 42.154
7.4515 37.092 40.363
6.4439 33.929 38.981
10.155 28.169 44.072
8.8336 46.248 42.26
5.9886 55.926 38.356
2.1536 57.131 33.095
2.3136 38.358 33.314
9.9152 42.115 43.744
-1.6457 38.191 27.882
4.8991 42.517 36.862
-3.0353 34.934 25.976
9.2076 29.091 42.773
8.5529 42.061 41.875
5.0048 33.524 37.007
4.7079 28.812 36.599
-5.2512 57.522 22.935
7.3962 40.597 40.288
-4.0396 43.997 24.598
-4.5626 49.407 23.88
5.3296 30.373 37.452
1.0893 44.513 31.635
6.6966 45.621 39.328
7.7913 42.821 40.83
8.5365 43.404 41.852
2.1503 38.096 33.09
6.8528 47.166 39.542
5.4149 36.156 37.569
8.406 36.791 41.673
7.2106 47.213 40.033
8.7021 53.995 42.079
4.456 39.279 36.254
4.3931 38.452 36.167
9.1552 45.19 42.701
-3.7561 48.647 24.987
2.9195 48.514 34.146
-0.2388 43.407 29.812
3.4226 37.472 34.836
7.6746 46.593 40.669
8.4046 41.752 41.671
0.81528 51.157 31.259
3.0577 32.086 34.335
5.565 43.027 37.775
3.7966 50.817 35.349
6.2444 38.686 38.707
6.649 37.823 39.262
1.1657 35.202 31.739
4.2709 40.007 36
-3.7909 39.837 24.939
9.7224 43.363 43.479
2.4062 35.66 33.441
0.036399 42.133 30.19
3.953 37.73 35.563
-0.89046 38.929 28.918
4.914 36.193 36.882
2.6883 39.842 33.828
13.979 67.491 49.319
9.694 65.99 43.44
-5.2949 49.027 22.875
6.8196 47.607 39.497
-0.76467 32.648 29.091
3.9484 37.863 35.557
5.6779 37.774 37.93
8.083 45.976 41.23
3.8742 45.242 35.455
11.499 43.324 45.917
3.017 39.471 34.279
6.3504 35.714 38.853
7.7408 42.279 40.76
5.3512 49.912 37.482
8.6323 45.277 41.983
6.3326 43.37 38.828
1.7669 46.264 32.564
-2.4437 45.385 26.787
12.663 31.493 47.514
2.5075 41.91 33.58
5.4262 39.091 37.585
7.322 28.132 40.186
5.4684 32.85 37.643
1.2697 39.458 31.882
3.0716 47.541 34.354
4.4851 40.368 36.294
11.098 44.352 45.366
1.4508 35.474 32.13
8.2353 27.36 41.439
6.2725 42.762 38.746
4.0358 35.334 35.677
0.64199 49.728 31.021
3.8285 53.901 35.393
4.6426 39.397 36.51
-1.0585 49.718 28.688
5.7924 48.668 38.087
1.6096 31.911 32.348
4.6114 41.735 36.467
6.3862 43.929 38.902
1.27 45.289 31.883
3.8115 46.578 35.369
6.4433 46.793 38.98
-2.5694 46.026 26.615
9.2714 40.214 42.86
14.996 45.506 50.715
8.9557 26.762 42.427
3.698 33.802 35.214
6.7673 50.472 39.425
0.72853 37.052 31.14
12.743 44.949 47.623
8.8786 52.776 42.321
8.2463 36.136 41.454
1.3887 35.044 32.045
6.3192 38.707 38.81
2.6981 44.848 33.842
3.7159 40.47 35.238
2.6498 35.028 33.776
0.77079 30.744 31.198
1.2531 39.108 31.859
4.1346 40.394 35.813
-2.0046 37.679 27.39
7.5052 40.409 40.437
4.5143 34.378 36.334
7.8827 46.054 40.955
6.1118 27.053 38.525
7.038 43.18 39.796
-1.1151 46.089 28.61
0.79334 35.756 31.229
3.157 41.442 34.471
5.4521 44.059 37.62
9.6539 38.158 43.385
3.8045 41.8 35.36
10.202 45.31 44.136
6.9602 35.689 39.689
9.841 48.205 43.642
5.5234 49.619 37.718
2.2919 43.983 33.284
-1.108 41.566 28.62
5.6411 34 37.88
8.375 45.721 41.63
3.7936 33.482 35.345
2.7703 52.809 33.941
3.7274 45.53 35.254
0.47863 43.433 30.797
2.9673 39.097 34.211
4.2548 26.877 35.978
5.189 33.744 37.259
4.737 44.504 36.639
7.5206 58.913 40.458
5.4507 47.161 37.618
12.479 44.803 47.262
6.2865 38.364 38.765
12.44 43.503 47.208
2.0185 48.395 32.909
7.171 40.434 39.979
3.927 54.994 35.528
7.4745 33.776 40.395
7.4488 39.613 40.36
-4.0132 41.567 24.634
-0.47154 27.999 29.493
-0.94145 45.388 28.848
6.6568 42.684 39.273
11.062 43.093 45.317
3.6525 47.379 35.151
8.3493 49.516 41.595
7.2493 47.749 40.086
0.66401 38.374 31.051
6.6388 41.822 39.248
1.8999 44.172 32.747
11.252 33.856 45.577
4.8657 34.82 36.816
11.745 39.641 46.255
3.2474 42.383 34.596
7.4303 54.605 40.334
4.7411 47.493 36.645
-3.3368 38.203 25.562
0.95057 37.29 31.444
7.5254 52.835 40.465
4.7737 60.892 36.69
0.38735 42.751 30.671
2.4174 38.459 33.457
6.0288 32.317 38.411
0.90568 48.384 31.383
9.0198 44.359 42.515
2.3583 49.83 33.376
12.458 36.371 47.232
0.5476 43.272 30.891
5.8213 37.547 38.127
-1.2714 50.268 28.396
2.0164 37.923 32.907
2.554 41.179 33.644
6.6548 39.74 39.27
8.8845 49.22 42.33
6.2389 45.074 38.7
3.4618 34.917 34.89
8.3623 37.919 41.613
8.2939 35.056 41.519
5.4956 45.543 37.68
7.3553 44.504 40.231
6.702 30.835 39.335
0.93065 28.448 31.417
8.1318 41.997 41.297
2.2903 46.585 33.282
2.51 42.948 33.584
5.7296 31.383 38.001
3.7321 31.152 35.26
4.4565 47.951 36.254
7.4547 41.211 40.368
9.3162 39.709 42.922
4.1838 51.034 35.88
6.3511 36.609 38.854
4.0175 42.85 35.652
5.9467 44.974 38.299
6.8142 47.833 39.489
2.4566 35.865 33.51
6.1332 44.572 38.555
7.4784 61.234 40.4
5.3806 31.566 37.522
12.132 45.632 46.785
2.4909 40.189 33.557
1.961 36.01 32.831
-2.2149 35.607 27.101
8.754 45.776 42.15
8.5751 58.336 41.905
4.6706 36.479 36.548
8.7045 46.07 42.083
5.7574 38.199 38.039
6.199 55.781 38.645
5.4657 45.809 37.639
6.814 41.206 39.489
5.4192 46.326 37.575
16.492 42.975 52.768
0.18972 49.236 30.4
-2.6455 40.041 26.511
0.29685 33.826 30.547
0.49203 43.307 30.815
3.2122 52.643 34.547
4.3054 33.66 36.047
4.099 40.244 35.764
7.232 49.149 40.062
6.605 28.857 39.202
8.0974 46.601 41.25
12.332 47.856 47.059
10.043 43.922 43.919
-0.291 36.204 29.741
-4.6025 41.103 23.825
8.7188 42.973 42.102
-2.5685 47.803 26.616
5.2752 46.615 37.378
5.1463 39.59 37.201
14.183 54.018 49.599
4.7146 41.623 36.608
2.9083 36.193 34.13
5.9723 39.053 38.334
6.0135 48.03 38.39
5.2888 43.376 37.396
2.4908 47.928 33.557
-0.040882 42.034 30.084
6.305 59.321 38.79
-0.53679 29.987 29.404
0.74419 38.747 31.161
10.489 41.902 44.53
3.2728 42.465 34.63
4.4214 52.024 36.206
8.7101 43.846 42.09
3.7626 41.096 35.302
9.2442 42.849 42.823
3.5773 47.074 35.048
9.1759 37.599 42.729
7.5948 45.348 40.56
4.1217 31.095 35.795
1.4306 41.14 32.103
0.69915 35.105 31.099
3.8865 37.385 35.472
3.1935 43.795 34.521
3.315 34.067 34.688
9.0553 35.515 42.564
3.7726 31.404 35.316
9.7155 26.998 43.47
2.8081 40.758 33.993
9.01 50.398 42.502
2.8467 40.551 34.046
5.728 40.446 37.999
9.0025 35.111 42.491
3.2931 52.804 34.658
3.193 40.115 34.521
13.26 51.682 48.333
8.921 44.85 42.38
3.2188 40.023 34.556
7.6757 49.723 40.671
3.5154 48.666 34.963
7.9104 41.486 40.993
10.838 51.481 45.009
-1.6156 53.74 27.923
9.2421 41.92 42.82
11.011 40.761 45.248
5.1957 44.817 37.269
12.2 45.069 46.878
5.6407 47.643 37.879
-0.10078 39.782 30.002
-4.044 46.15 24.592
3.6253 49.134 35.114
7.942 43.488 41.036
6.3087 43.176 38.796
6.7054 33.472 39.34
2.6206 33.676 33.736
5.5937 31.941 37.815
-1.7564 32.795 27.73
1.8661 40.65 32.7
1.624 30.529 32.368
7.1429 57.729 39.94
4.9416 47.11 36.92
0.23563 27.274 30.463
4.9607 34.009 36.946
2.1558 41.007 33.098
2.2511 29.907 33.229
8.563 39.133 41.888
5.4676 49.59 37.642
6.6425 41.011 39.253
8.6447 41.856 42
5.7432 35.136 38.02
7.2712 38.356 40.116
7.8159 32.898 40.863
9.8265 44.946 43.622
6.962 39.044 39.692
10.823 47.934 44.989
5.0932 50.568 37.128
4.8026 49.435 36.729
12.015 42.378 46.624
2.8984 38.328 34.117
4.9882 33.53 36.984
8.7927 43.155 42.204
5.6177 48.693 37.847
10.793 40.152 44.948
9.2638 41.177 42.85
6.2022 46.37 38.649
1.7935 47.694 32.601
7.3365 32.403 40.206
-0.70069 42.88 29.179
6.008 43.444 38.383
8.3333 41.248 41.573
5.8784 48.254 38.205
8.627 39.8 41.976
13.407 37.026 48.534
8.8095 44.246 42.227
6.1005 45.278 38.51
7.6456 40.729 40.63
6.7543 47.663 39.407
-0.42074 31.019 29.563
3.2831 34.412 34.644
10.05 21.19 43.928
4.8203 45.592 36.753
7.4014 35.355 40.295
0.85009 39.883 31.306
5.266 49.006 37.365
7.4751 42.571 40.396
-0.61367 38.457 29.298
6.4332 36.256 38.966
4.2502 40.271 35.971
1.1262 45.83 31.685
4.8452 31.496 36.788
-2.8187 40.837 26.273
-3.7739 46.639 24.962
0.14742 31.742 30.342
0.91593 46.271 31.397
0.16346 46.3 30.364
-2.1141 35.269 27.24
6.1884 31.696 38.63
-1.573 44.417 27.982
5.4544 47.632 37.623
8.2452 46.292 41.452
4.9908 47.277 36.987
5.3839 33.855 37.527
3.4408 45.902 34.861
-1.1132 37.448 28.613
4.8193 38.1 36.752
8.9616 31.585 42.435
12.167 50.244 46.833
3.2262 43.055 34.566
-1.7096 48.352 27.794
5.6859 52.515 37.941
6.5514 34.269 39.128
4.0643 46.366 35.716
0.26291 41.494 30.501
13.347 49.062 48.451
-4.7286 48.805 23.653
2.8973 47.491 34.115
-0.4492 35.862 29.524
2.3772 40.893 33.402
6.3105 43.943 38.798
5.5692 63.903 37.781
2.0696 50.228 32.979
8.2037 58.338 41.395
7.5662 45.094 40.521
7.6692 43.701 40.662
3.2451 46.087 34.592
9.3234 38.73 42.932
7.7242 50.831 40.738
15.344 41.822 51.192
9.3848 32.883 43.016
9.7701 48.446 43.545
5.2184 31.167 37.3
-0.31215 28.772 29.712
3.4694 43.86 34.9
1.8755 35.145 32.713
2.6747 35.494 33.81
7.2889 41.081 40.14
2.7043 38.415 33.85
1.3094 40.133 31.936
3.3123 43.733 34.684
4.3366 33.857 36.09
6.6877 33.679 39.316
1.0722 27.128 31.611
6.3083 39.415 38.795
5.3217 46.624 37.441
10.461 37.623 44.492
4.1211 45.391 35.794
4.4455 45.689 36.239
0.17038 48.429 30.374
-0.71158 48.341 29.164
6.2803 37.347 38.757
3.9713 35.981 35.589
7.077 42.518 39.85
1.3195 37.075 31.95
12.869 52.745 47.796
5.504 51.591 37.691
9.317 43.039 42.923
4.0644 38.962 35.716
4.33 45.475 36.081
7.8452 37.711 40.904
7.2914 41.337 40.144
0.38107 37.922 30.663
-1.3195 42.173 28.33
0.47338 49.407 30.79
-0.83738 46.622 28.991
5.2456 49.934 37.337
3.3044 35.522 34.674
3.4827 43.11 34.918
-0.61139 34.701 29.301
8.2142 44.946 41.41
6.8117 44.413 39.486
4.6305 50.936 36.493
9.2104 49.977 42.777
1.3965 46.201 32.056
6.7099 38.656 39.346
6.4367 38.834 38.971
6.44 27.933 38.976
1.9932 38.633 32.875
6.3476 31.387 38.849
2.8771 48.246 34.087
1.3039 47.914 31.929
0.038798 42.519 30.193
9.279 39.759 42.871
1.5121 42.682 32.215
4.2871 53.042 36.022
0.0166 50.894 30.163
3.7749 38.789 35.319
-8.326 41.989 18.717
0.51835 33.852 30.851
-0.88135 44.254 28.931
0.81731 46.744 31.261
4.1207 48.15 35.794
3.6586 31.288 35.16
13.017 46.199 47.999
2.6425 35.813 33.766
3.9691 39.304 35.586
-1.4705 46.881 28.123
3.0317 43.89 34.3
-0.51662 40.38 29.431
5.1249 46.209 37.171
8.5174 53.619 41.826
6.6668 37.833 39.287
2.1113 32.404 33.037
-1.7229 33.366 27.776
11.02 35.998 45.259
13.453 38.102 48.597
5.4968 46.034 37.682
0.91853 27.209 31.4
9.9385 44.068 43.776
2.5564 36.399 33.647
3.0629 49.437 34.342
8.6546 36.403 42.014
-0.71141 41.548 29.164
-3.0679 34.801 25.931
6.7345 37.438 39.38
6.6523 40.346 39.267
5.3923 40.452 37.538
7.0479 38.55 39.81
9.4622 50.2 43.122
9.0013 46.159 42.49
2.6557 54.628 33.784
8.3396 40.376 41.582
5.7143 49.443 37.98
2.9156 27.292 34.14
0.079874 45.983 30.25
7.6675 44.805 40.66
3.542 39.283 35
5.1915 46.828 37.263
1.7306 47.784 32.514
-1.3929 48.587 28.229
5.7075 44.967 37.971
4.7438 46.136 36.648
9.9437 37.773 43.783
8.3055 34.715 41.535
9.3429 40.532 42.958
1.9123 43.018 32.764
1.1394 48.239 31.703
-0.23258 36.069 29.821
7.0532 38.795 39.817
16.5 63.594 52.777
7.9999 37.957 41.116
1.8126 55.005 32.627
8.4495 48.954 41.733
0.34777 37.73 30.617
-0.87324 40.745 28.942
7.9581 40.772 41.058
1.7926 44.993 32.6
6.3028 51.563 38.787
10.799 31.18 44.957
6.6539 56.147 39.269
8.8331 47.719 42.259
-1.6209 37.618 27.916
7.7276 41.369 40.742
13.817 44.851 49.097
7.2312 44.246 40.061
-1.3532 49.747 28.283
4.1624 49.469 35.851
2.9386 39.336 34.172
6.5792 41.24 39.167
6.6989 47.226 39.331
6.6719 42.98 39.294
3.5001 49.73 34.942
2.5291 37.03 33.61
2.5691 45.049 33.665
8.5192 44.305 41.828
-2.6401 50.956 26.518
4.1453 32.616 35.827
6.1148 42.104 38.529
2.3086 42.133 33.307
6.9677 25.971 39.7
4.7059 50.609 36.597
1.1313 61.095 31.692
5.6653 40.452 37.913
3.8943 43.888 35.483
3.3101 38.636 34.681
2.0671 44.4 32.976
5.2533 39.394 37.348
-2.6118 40.624 26.557
3.3576 53.05 34.747
2.7589 35.941 33.925
1.2401 37.684 31.842
7.6911 41.712 40.692
1.9725 40.816 32.846
7.2291 52.155 40.058
9.0235 56.409 42.52
4.3532 35.175 36.113
6.1454 37.666 38.571
7.6368 45.834 40.618
4.6661 39.337 36.542
7.2301 55.985 40.06
-0.20569 52.859 29.858
9.5784 46.272 43.282
0.91993 45.54 31.402
-2.5405 38.993 26.655
10.708 47.787 44.832
4.7414 49.778 36.645
6.8509 43.143 39.539
3.5022 55.208 34.945
0.79203 46.269 31.227
-7.6703 40.12 19.617
7.5822 44.794 40.543
3.818 49.483 35.378
4.1863 39.173 35.884
6.6724 41.556 39.294
-0.85212 57.904 28.971
1.9924 38.456 32.874
9.7306 48.965 43.49
7.4651 47.878 40.382
-0.28286 52.527 29.752
-4.0843 44.838 24.536
2.6447 24.736 33.769
5.8823 36.18 38.211
8.8855 45.883 42.331
5.3864 43.818 37.53
0.37259 55.169 30.651
6.2623 51.841 38.732
0.16634 45.011 30.368
1.0378 42.223 31.564
2.3046 31.049 33.302
-0.06892 54.443 30.045
3.8828 42.829 35.467
1.2894 30.976 31.909
3.8221 44.894 35.384
3.0934 42.544 34.384
3.3104 37.905 34.682
2.9239 45.228 34.152
10.085 37.554 43.977
7.5164 32.896 40.452
5.2436 29.884 37.334
-1.0484 38.949 28.702
-1.7034 37.07 27.803
-3.1009 44.33 25.886
15.741 32.552 51.737
9.0092 40.913 42.501
6.0596 31.68 38.454
0.9831 54.167 31.489
0.27342 40.774 30.515
7.258 50.683 40.098
11.453 45.994 45.853
-1.9818 47.67 27.421
3.1471 33.851 34.458
4.6525 50.67 36.523
-3.2132 51.325 25.732
8.4685 27.937 41.759
3.2903 40.628 34.654
12.884 38.184 47.817
3.3883 42.941 34.789
6.6871 36.266 39.315
0.28965 43.515 30.537
2.4236 45.904 33.465
0.18123 43.268 30.389
6.6186 41.324 39.221
10.368 33.553 44.364
2.5524 42.182 33.642
6.7992 38.555 39.469
2.9205 32.967 34.147
5.421 41.648 37.578
9.9323 40.984 43.767
5.4959 43.373 37.68
0.72499 48.488 31.135
1.4661 45.675 32.151
4.2996 50.972 36.039
4.2097 36.884 35.916
1.4302 35.703 32.102
5.7449 41.409 38.022
10.222 52.031 44.165
3.9644 50.928 35.579
4.1565 41.055 35.843
-4.0771 37.07 24.546
1.8066 31.197 32.619
-0.74461 46.141 29.118
3.4075 42.018 34.815
7.167 34.043 39.973
11.281 40.239 45.617
12.415 29.997 47.174
4.5181 44.932 36.339
3.6798 40.68 35.189
8.3707 53.583 41.625
7.021 32.773 39.773
8.1552 48.993 41.329
8.2089 43.277 41.403
-1.1035 42.033 28.626
7.228 47.155 40.057
4.6226 50.224 36.482
1.8654 34.313 32.699
2.1402 50.873 33.076
10.284 34.095 44.249
1.6614 34.274 32.419
-0.099533 36.897 30.003
5.8852 47.173 38.214
13.291 35.329 48.375
5.1054 44.325 37.145
6.2712 44.962 38.744
1.1315 42.725 31.692
11.903 46.446 46.471
5.5153 33.931 37.707
7.1857 49.164 39.999
1.0745 42.439 31.614
8.5213 47.362 41.831
6.6045 35.337 39.201
0.23369 41.939 30.461
5.1639 48.086 37.225
3.1421 48.853 34.451
5.4504 41.456 37.618
3.9669 29.085 35.583
4.217 34.342 35.926
0.74119 43.137 31.157
3.667 47.377 35.171
8.1605 45.483 41.336
12.193 38.396 46.869
0.21505 57.106 30.435
14.802 43.365 50.449
11.292 48.543 45.633
5.6948 39.185 37.953
3.7581 34.177 35.296
2.1194 46.487 33.048
8.4336 49.482 41.711
2.1361 54.355 33.071
3.0956 38.172 34.387
8.6432 31.058 41.998
6.7974 53.348 39.466
8.6974 44.154 42.073
7.0811 34.385 39.855
3.3471 37.985 34.732
2.8814 36.217 34.093
8.2835 50.322 41.505
2.2326 45.852 33.203
9.8927 44.111 43.713
8.2601 43.951 41.473
6.1863 36.421 38.628
5.0133 48.872 37.018
6.5075 44.53 39.068
19.541 41.476 56.95
4.5364 40.681 36.364
-1.418 40.73 28.195
12.896 36.56 47.833
7.5145 47.351 40.45
2.3286 51.396 33.335
15.792 60.068 51.806
7.2716 45.687 40.117
6.213 36.417 38.664
1.7929 43.108 32.6
0.60918 34.645 30.976
-2.2914 37.114 26.996
3.2563 37.287 34.608
0.65795 35.852 31.043
7.6708 44.852 40.664
3.6904 34.168 35.203
12.294 47.26 47.007
11.228 48.052 45.545
5.6762 49.238 37.928
3.8341 41.756 35.4
9.7505 46.701 43.518
0.27283 54.058 30.514
7.7777 42.612 40.811
2.2412 40.526 33.215
3.3494 54.118 34.735
2.2301 24.398 33.2
7.3734 39.05 40.256
1.7918 58.532 32.598
0.61482 38.351 30.984
7.28 38.324 40.128
3.2542 33.36 34.605
6.4909 47.618 39.045
3.5491 27.274 35.009
6.1113 36.567 38.525
-5.5735 44.99 22.493
6.9208 42.16 39.635
12.642 46.991 47.485
9.2851 43.253 42.879
8.7557 47.042 42.153
4.0116 33.006 35.644
5.7463 43.575 38.024
6.0071 31.25 38.382
5.3974 47.454 37.545
1.5759 39.549 32.302
3.5476 46.406 35.007
4.2794 38.218 36.011
3.0182 44.099 34.281
8.4504 49.597 41.734
15.466 29.227 51.359
-0.45625 28.599 29.514
5.5292 29.369 37.726
-0.94708 47.346 28.841
10.37 45.277 44.368
10.813 37.653 44.976
-1.8548 51.767 27.595
13.014 43.66 47.995
0.52767 30.627 30.864
5.9352 35.031 38.283
9.531 32.816 43.216
5.6069 48.66 37.833
14.465 38.676 49.986
16.349 34.893 52.571
5.5703 38.057 37.782
-2.863 35.519 26.212
3.4951 47.769 34.935
1.5032 44.994 32.202
1.8468 43.813 32.674
0.3504 44.466 30.621
5.3224 42.326 37.442
13.686 36.202 48.917
2.0485 45.487 32.951
3.8434 36.217 35.413
9.8095 35.008 43.599
10.001 35.01 43.861
7.0019 48.193 39.747
9.2304 49.161 42.804
8.5901 30.148 41.926
3.426 40.836 34.84
6.7684 43.899 39.426
3.7667 37.668 35.308
1.2897 46.938 31.91
7.6171 43.991 40.591
5.2781 40.967 37.382
4.2285 38.075 35.941
6.2028 46.79 38.65
9.0724 48.235 42.587
6.6201 45.39 39.223
5.8022 40.412 38.101
6.1536 48.474 38.583
5.2112 35.744 37.29
1.8068 42.718 32.619
8.244 51.947 41.451
10.809 41.2 44.97
2.7979 35.967 33.979
12.948 56.147 47.905
4.2733 40.228 36.003
3.995 44.967 35.621
1.2991 36.114 31.922
1.7331 43.702 32.518
1.0708 44.884 31.609
6.4592 42.16 39.002
11.585 44.837 46.034
7.1748 50.526 39.984
8.522 32.596 41.832
10.533 43.91 44.591
-5.3058 27.314 22.861
4.3091 42.136 36.052
6.4555 55.485 38.997
7.9573 48.772 41.057
-0.38004 41.477 29.619
0.8527 39.294 31.31
8.2601 45.943 41.473
4.5194 49.27 36.341
7.2804 42.303 40.129
1.0392 52.822 31.566
-1.7363 35.761 27.758
8.1385 28.455 41.306
9.9201 37.258 43.75
11.729 41.215 46.232
-1.3174 38.864 28.333
-0.51198 35.651 29.438
-1.0768 50.716 28.663
4.8282 30.802 36.764
2.4622 38.373 33.518
10.418 35.772 44.434
-0.99939 38.19 28.769
-2.1839 36.757 27.144
5.8465 45.384 38.161
9.9186 35.231 43.748
1.6899 36.03 32.459
-0.21835 42.239 29.84
4.3843 49.445 36.155
-1.7472 28.574 27.743
5.0715 54.458 37.098
8.4155 36.224 41.686
5.8978 46.561 38.232
-2.872 48.567 26.2
2.7866 50.959 33.963
3.7547 38.311 35.291
12.478 42.828 47.259
8.772 41.209 42.175
4.7647 37.789 36.677
10.399 44.356 44.407
0.69244 44.101 31.09
3.5641 39.436 35.03
10.824 43.43 44.991
11.194 61.044 45.499
8.0114 42.213 41.132
7.0234 47.093 39.776
2.5833 38.587 33.684
8.0713 38.619 41.214
1.5854 39.306 32.315
7.3688 46.115 40.25
6.1621 36.557 38.594
9.6975 29.595 43.445
3.2441 42.213 34.591
7.6229 39.212 40.599
8.2704 44.226 41.487
1.2959 42.259 31.918
5.6442 47.101 37.884
11.586 48.813 46.035
5.4636 32.869 37.636
3.7275 31.34 35.254
6.8829 45.642 39.583
3.8657 44.02 35.444
6.8271 35.663 39.507
4.4443 50.512 36.238
4.9244 42.222 36.896
6.8999 43.023 39.607
10.617 44.391 44.706
6.8631 47.382 39.556
11.796 53.147 46.325
-3.3632 39.45 25.526
3.1477 29.863 34.459
5.973 49.098 38.335
1.5565 35.277 32.276
-0.2609 50.14 29.782
7.5441 38.146 40.49
7.5262 52.542 40.466
6.1931 36.529 38.637
6.6299 34.446 39.236
1.4106 48.304 32.075
2.948 32.388 34.185
4.5602 46.67 36.397
2.164 44.779 33.109
6.3684 41.13 38.877
14.752 40.498 50.38
3.0117 56.062 34.272
7.6695 39.644 40.663
0.73496 40.308 31.148
10.523 35.993 44.578
1.0041 36.019 31.518
5.8606 38.038 38.181
2.4495 53.603 33.501
7.1111 39.485 39.896
5.0468 37.23 37.064
4.8186 38.883 36.751
17.159 48.015 53.683
2.4023 32.668 33.436
4.8067 46.322 36.735
16.062 33.765 52.177
0.27207 40.678 30.513
7.2801 29.562 40.128
0.56165 45.316 30.911
9.2494 47.169 42.83
6.3504 37.362 38.853
7.6888 44.434 40.689
3.8502 43.025 35.423
6.011 50.109 38.387
11.071 43.424 45.33
-4.3805 48.364 24.13
-1.7342 40.598 27.761
6.713 37.666 39.35
2.3003 41.499 33.296
3.7781 40.513 35.324
-1.172 47.555 28.532
1.2693 41.282 31.881
3.3335 36.033 34.714
2.0075 40.665 32.894
1.4274 49.908 32.098
3.2607 38.976 34.614
1.1133 37.1 31.667
