3
16.555 26.075 41.88
5.7004 28.668 40.845
18.172 20.482 39.559
8.4109 26.724 40.488
3.1218 25.638 38.867
6.7264 22.385 38.074
14.373 24.133 40.501
15.139 25.685 41.399
11.616 32.157 43.739
12.033 30.539 43.057
12.711 22.3 39.283
3.731 31.07 41.576
7.3857 26.451 40.144
1.2187 24.874 38.107
8.0183 26.429 40.266
14.498 24.59 40.744
13.407 24.752 40.593
21.312 27.979 43.778
11.133 27.818 41.576
0.0066048 27.834 39.261
18.251 26.343 42.361
15.856 22.585 40.075
7.3793 26.434 40.135
11.453 28.26 41.853
13.849 25.978 41.268
12.088 27.069 41.419
13.508 26.454 41.423
9.3881 24.393 39.584
9.8837 25.588 40.255
10.235 23.425 39.301
6.4283 26.777 40.099
16.544 22.706 40.276
9.7768 22.862 38.937
13.096 23.381 39.877
5.2066 19.111 36.201
5.1908 27.877 40.363
9.6414 25.65 40.234
8.6102 23.49 38.992
16.048 27.741 42.565
12.497 21.577 38.895
12.565 24.796 40.438
3.0215 24.517 38.314
5.4405 25.638 39.352
11.042 25.626 40.515
8.1286 23.27 38.787
16.172 24.94 41.26
16.385 24.67 41.176
7.3669 26.255 40.047
14.451 27.187 41.968
16.947 27.219 42.505
11.333 23.273 39.457
17.794 25.155 41.701
14.801 22.572 39.848
10.761 22.773 39.101
14.198 24.986 40.87
11.295 28.065 41.727
7.8301 23.461 38.815
11.805 25.743 40.73
10.12 24.549 39.811
8.5184 27.235 40.753
18.225 22.822 40.682
11.068 25.065 40.254
23.209 26.105 43.283
8.8424 27.201 40.804
13.069 28.088 42.109
17.601 25.172 41.669
22.719 22.017 41.238
11.278 23.515 39.561
5.9629 22.877 38.148
14.406 29.701 43.154
3.5317 23.769 38.064
8.8657 26.496 40.474
11.257 24.615 40.079
17.346 26.777 42.378
16.702 23.47 40.672
9.5354 22.195 38.57
14.088 22.155 39.502
8.5769 25.976 40.167
13.125 24.645 40.484
19.128 24.608 41.719
11.087 27.839 41.576
8.6296 25.583 39.991
7.6518 25.396 39.698
13.808 28.175 42.304
16.215 23.391 40.533
20.347 26.393 42.822
10.457 26.67 40.889
10.723 24.513 39.919
7.0205 25.431 39.583
17.445 22.668 40.446
9.3663 22.704 38.777
7.7581 25.21 39.632
20.634 26.445 42.906
14.493 30.171 43.395
13.273 23.666 40.049
5.2278 25.375 39.182
12.059 24.835 40.351
12.033 21.134 38.587
4.6641 24.122 38.469
8.4928 21.411 37.98
8.2598 26.681 40.435
12.318 23.224 39.64
5.2004 25.2 39.093
15.087 23.911 40.544
18.621 25.607 42.088
8.4026 23.799 39.096
10.075 25.98 40.481
12.602 26.479 41.246
16.17 28.424 42.915
12.454 24.612 40.328
11.395 20.723 38.259
7.4882 23.321 38.678
9.2124 27.709 41.123
12.684 22.856 39.541
18.289 26.922 42.644
12.752 25.248 40.692
4.5639 27.873 40.231
11.609 21.078 38.472
9.5119 24.605 39.71
8.5445 22.584 38.548
9.6398 30.816 42.689
5.9817 26.65 39.945
8.7904 27.758 41.058
5.9917 22.884 38.157
8.1407 24.063 39.166
10.497 24.455 39.845
11.096 27.197 41.273
8.9011 24.444 39.506
9.4354 26.403 40.549
9.6747 20.896 37.982
12.111 24.292 40.104
15.944 23.353 40.458
12.596 21.846 39.043
8.7473 26.016 40.221
12.931 25.564 40.88
8.8318 25.067 39.788
1.154 22.333 36.886
-0.97578 27.255 38.78
1.875 25.7 38.637
8.7932 24.402 39.464
7.0374 25.046 39.403
6.4883 24.476 39.018
9.7796 21.5 38.29
6.7758 24.429 39.055
6.7827 23.337 38.538
12.688 23.042 39.63
13.473 22.687 39.626
21.545 23.933 41.903
10.974 20.995 38.3
10.508 26.928 41.023
7.3733 26.04 39.946
9.0602 24.96 39.785
9.7497 24.93 39.915
1.4006 23.404 37.446
9.0089 27.037 40.761
13.559 24.734 40.616
7.0966 23.571 38.715
12.688 27.703 41.846
14.696 24.55 40.767
15.02 23.822 40.488
13.651 24.412 40.483
-1.0257 23.304 36.892
7.031 22.76 38.315
14.917 30.052 43.427
12.283 28.311 42.05
10.096 25.615 40.312
11.795 22.486 39.18
15.208 23.269 40.265
10.695 24.647 39.977
6.5539 26.583 40.033
8.8211 22.336 38.488
8.4521 20.34 37.462
13.952 22.102 39.448
12.054 25.667 40.746
12.715 25.783 40.939
10.815 25.903 40.6
8.2339 24.739 39.507
10.336 25.367 40.245
10.925 24.048 39.741
3.5075 26.724 39.464
10.534 22.277 38.817
14.551 25.91 41.383
9.271 23.303 39.041
17.452 24.33 41.238
12.816 26.106 41.113
8.233 27.078 40.619
8.9975 22.765 38.728
8.9808 27.521 40.985
11.312 26.32 40.901
13.599 24.864 40.687
8.5555 24.61 39.513
12.144 24.565 40.241
18.336 24.394 41.452
14.467 25.046 40.955
13.965 25.103 40.877
6.293 26.652 40.011
7.8033 28.054 40.993
11.273 25.934 40.709
9.4682 24.581 39.69
2.3644 26.25 39
2.7894 25.366 38.669
14.671 22.94 39.996
6.5937 26.898 40.191
20.028 25.614 42.385
-0.61118 25.27 37.913
12.272 26.03 40.964
10.065 25.523 40.262
6.1543 23.117 38.302
11.898 24.675 40.242
6.1628 24.708 39.06
13.992 23.936 40.328
10.719 28.364 41.749
1.9397 23.249 37.485
-1.7292 24.032 37.091
8.4716 23.576 39.004
15.21 22.652 39.972
10.822 24.616 39.989
10.195 24.452 39.78
13.657 28.06 42.218
3.2666 24.502 38.358
16.575 22.872 40.361
6.0988 28.207 40.71
10.474 27.469 41.272
8.2041 24.541 39.407
10.359 21.988 38.643
0.58038 24.111 37.611
17.262 24.688 41.368
12.68 25.552 40.822
19.566 24.478 41.749
16.891 25.887 41.86
10.148 25.784 40.403
5.2054 22.499 37.81
1.4459 23.104 37.313
9.9055 23.518 39.276
10.929 23.984 39.711
14.933 24.359 40.725
5.4478 25.025 39.061
13.089 18.942 37.766
10.234 24.086 39.614
6.5887 27.485 40.469
13.455 22.867 39.707
11.494 26.867 41.199
8.9569 25.701 40.115
18.985 24.942 41.848
12.962 25.365 40.792
9.1006 21.87 38.325
11.309 24.831 40.193
10.797 28.208 41.691
10.855 25.197 40.272
12.182 25.083 40.495
6.935 23.532 38.662
6.175 24.938 39.172
11.783 25.465 40.593
19.131 25.853 42.311
8.4419 24.254 39.32
5.093 24.527 38.751
9.3373 29.047 41.785
7.146 20.483 37.258
8.9608 29.459 41.902
12.358 25.675 40.813
9.6145 27 40.87
6.7584 21.672 37.741
7.7344 23.82 38.966
3.5992 24.444 38.399
5.9832 25.845 39.563
2.8357 21.66 36.917
7.6403 25.943 39.956
4.5148 22.574 37.702
6.6284 25.132 39.359
8.7098 26.305 40.351
4.3275 25.654 39.127
10.164 27.165 41.063
11.869 27.012 41.346
5.2318 23.698 38.386
15.397 25.514 41.371
2.1786 23.111 37.47
7.8098 22.356 38.286
3.1077 26.85 39.44
8.3493 25 39.655
3.6455 24.89 38.621
7.4627 26.822 40.336
6.5931 26.189 39.854
4.4069 25.7 39.165
0.40592 27.501 39.185
12.927 26.86 41.495
19.637 25.48 42.24
20.486 23.619 41.533
7.488 23.697 38.856
10.062 27.384 41.146
7.3868 21.776 37.922
10.358 24.951 40.051
5.1369 21.102 37.132
1.0479 27.041 39.101
10.03 26.723 40.825
4.132 25.002 38.776
0.87061 24.858 38.027
20.783 20.027 39.888
9.0201 26.162 40.348
11.415 20.615 38.211
15.162 20.361 38.873
1.949 25.16 38.395
11.754 23.103 39.465
12.501 25.823 40.913
10.558 26.354 40.76
10.959 26.715 41.016
7.3073 23.618 38.781
13.57 25.899 41.172
5.9527 25.201 39.251
6.3813 26.652 40.03
13.602 26.072 41.261
18.291 26.796 42.584
8.1179 24.736 39.482
7.5458 24.706 39.348
12.194 27.016 41.416
14.633 20.753 38.949
14.517 23.991 40.463
10.993 22.459 39
6.8705 24.235 38.983
13.17 26.297 41.278
9.8163 26.651 40.746
16.355 22.97 40.362
3.143 24.058 38.121
10.709 25.274 40.278
16.108 24.416 40.998
7.7009 25.604 39.807
7.102 25.8 39.775
5.3074 23.14 38.136
8.623 24.646 39.544
8.5338 20.736 37.667
10.927 27.291 41.282
5.6196 23.742 38.488
10.11 22.592 38.879
7.0472 24.492 39.142
7.895 22.143 38.203
5.9802 24.958 39.141
8.514 23.879 39.157
27.616 29.356 45.748
26.592 27.277 44.546
14.902 20.006 38.65
13.876 25.883 41.229
3.5462 22.204 37.324
7.1393 24.49 39.16
7.0721 25.329 39.545
12.741 26.495 41.283
12.249 24.454 40.21
10.893 28.153 41.685
8.256 24.038 39.179
5.6429 25.655 39.402
10.183 26.329 40.67
15.477 25.17 41.224
12.256 26.762 41.308
10.944 25.646 40.504
12.963 23.432 39.873
12.37 21.389 38.779
2.6981 28.717 40.242
9.9466 23.791 39.414
7.9842 25.207 39.677
0.39065 26.126 38.529
3.6632 25.227 38.785
8.2532 23.191 38.775
13.843 24.065 40.358
8.8721 24.75 39.646
11.607 27.958 41.741
5.4946 23.278 38.241
-0.1473 26.569 38.627
10.523 25.617 40.403
5.3884 24.532 38.815
15.366 22.886 40.116
18.244 24.432 41.451
8.199 24.827 39.542
15.365 22.061 39.723
14.614 25.384 41.146
3.027 23.355 37.763
9.8179 24.812 39.872
11.33 25.672 40.597
12.291 23.191 39.618
13.173 24.423 40.389
13.313 25.7 41.024
12.814 21.328 38.843
8.7485 27.072 40.723
12.392 29.849 42.804
-0.56376 26.919 38.707
4.3288 24.368 38.516
15.859 25.857 41.631
6.5894 22.928 38.303
12.014 28.756 42.205
17.447 26.881 42.449
5.9289 26.575 39.898
5.1973 23.248 38.165
7.7158 25.64 39.827
11.98 23.883 39.883
8.9453 24.377 39.484
5.1812 23.86 38.452
2.2224 22.949 37.401
8.0109 23.183 38.721
8.8909 24.58 39.569
7.0334 21.602 37.766
8.8893 26.215 40.346
4.7251 24.764 38.787
12.797 26.398 41.248
-0.3524 25.539 38.095
10.81 25.989 40.639
12.853 22.034 39.186
5.6922 22.959 38.131
9.6205 24.106 39.496
11.424 25.219 40.401
7.3237 27.257 40.514
9.8659 24.42 39.696
12.273 27.523 41.674
5.6238 25.951 39.538
14.279 27.348 42.009
15.273 25.254 41.221
11.383 23.686 39.664
9.721 22.037 38.534
4.459 25.311 38.991
12.564 26.637 41.313
4.1067 24.415 38.492
17.492 23.918 41.05
12.449 24.383 40.218
11.008 22.807 39.168
7.9978 24.014 39.113
-0.46731 24.639 37.643
4.2837 25.092 38.85
11.735 24.872 40.302
21.701 26.223 43.024
13.572 25.219 40.85
11.914 28.628 42.124
7.4779 25.624 39.77
11.014 28.609 41.927
14.438 23.554 40.239
8.9084 26.053 40.273
19 24.479 41.632
4.2974 26.2 39.38
8.3387 26.188 40.218
9.7327 20.628 37.866
0.32599 22.346 36.719
12.367 22.118 39.124
10.468 25.804 40.48
10.735 27.94 41.551
13.729 24.346 40.468
15.192 26.625 41.856
13.972 26.091 41.348
7.5049 22.897 38.48
9.8711 25.795 40.351
11.515 23.496 39.602
4.3396 28.033 40.259
5.0297 24.935 38.931
8.3429 28.272 41.209
10.271 24.15 39.653
18.718 26.179 42.38
13.804 24.874 40.734
7.4009 20.956 37.536
6.7537 23.036 38.389
17.492 26.225 42.146
23.081 24.89 42.679
10.537 22.763 39.049
7.5577 23.747 38.895
3.2926 25.499 38.837
14.435 23.014 39.982
11.619 26.95 41.265
15.43 23.719 40.525
6.0763 28.618 40.9
10.896 22.84 39.161
6.9144 25.398 39.545
15.746 21.958 39.754
7.1882 23.553 38.725
9.4406 23.813 39.319
8.4291 25.803 40.054
14.984 26.884 41.936
12.123 25.601 40.729
5.1015 24.254 38.623
7.1629 26.631 40.183
5.1806 26.598 39.753
12.451 25.24 40.626
11.726 26.142 40.903
2.2643 25.826 38.777
0.63223 23.026 37.106
9.9866 26.519 40.719
13.184 23.686 40.04
10.665 23.792 39.565
2.6472 25.354 38.633
2.494 24.385 38.141
14.122 24.736 40.735
9.4449 26.191 40.45
8.3982 27.094 40.661
16.258 24.604 41.118
6.2627 25.655 39.531
10.592 24.523 39.897
12.056 25.459 40.647
14.032 25.88 41.26
5.7614 23.766 38.529
11.777 25.55 40.632
23.308 26.202 43.35
2.7748 25.185 38.579
12.489 28.46 42.164
8.7551 23.783 39.162
5.8635 23.526 38.436
5.5998 21.5 37.418
12.601 26.821 41.408
21.297 26.734 43.183
6.1787 24.84 39.126
12.804 26.797 41.439
7.3657 25.367 39.625
19.537 25.582 42.267
12.636 25.226 40.658
9.4438 25.88 40.302
12.993 25.203 40.722
10.634 30.575 42.782
15.027 22.667 39.941
8.6712 21.291 37.96
4.3579 22.719 37.738
10.921 22.813 39.153
17.374 24.133 41.127
4.2283 24.663 38.635
8.7873 24.563 39.539
14.941 26.083 41.546
0.89499 25.779 38.469
13.174 26.502 41.377
14.028 28.557 42.531
11.313 27.446 41.437
6.0063 22.433 37.947
9.4135 20.342 37.664
10.66 26.804 40.995
14.044 21.329 39.1
13.194 25.134 40.73
8.3308 25.071 39.685
18.287 29.454 43.847
9.7401 24.862 39.88
5.9869 23.985 38.68
7.9559 25.472 39.797
14.171 25.492 41.104
10.952 25.14 40.265
14.113 23.783 40.28
10.042 22.555 38.847
21.987 25.633 42.803
1.7031 22.314 36.991
7.7629 22.936 38.552
9.9123 27.662 41.247
10.328 24.162 39.67
16.942 24.719 41.316
11.265 26.8 41.119
9.3786 24.4 39.585
10.573 27.059 41.098
13.518 24.31 40.406
6.9379 27.026 40.323
12.309 26.259 41.08
2.4531 24.574 38.222
9.4173 23.269 39.056
5.2415 22.914 38.015
6.8088 24.46 39.077
11.249 24.124 39.844
4.514 24.183 38.466
5.4961 26.967 39.995
2.6685 24.405 38.186
-0.40324 27.287 38.915
9.1481 23.937 39.317
15.8 26.945 42.135
9.0047 23.955 39.296
8.9213 25.353 39.943
5.2164 26.941 39.924
17.486 24.172 41.169
8.7014 24.123 39.312
16.673 29.007 43.297
11.959 26.902 41.313
8.6375 24.136 39.305
15.337 26.298 41.731
14.62 24.28 40.622
9.6336 26.412 40.594
16.543 27.832 42.712
18.152 21.791 40.177
9.9297 27.058 40.963
9.1211 27.916 41.202
11.949 25.095 40.452
12.099 28.493 42.098
13.905 25.311 40.963
8.4823 22.526 38.507
12.905 20.613 38.522
14.944 24.333 40.715
11.02 26.427 40.891
10.81 25.635 40.471
4.0899 25.827 39.159
4.2455 23.846 38.25
3.0339 25.288 38.683
3.6513 21.723 37.117
9.0768 23.48 39.085
2.0704 23.362 37.566
20.882 26.039 42.766
13.538 24.972 40.725
-0.178 22.689 36.777
4.4675 24.981 38.836
9.323 23.62 39.203
1.6373 23.667 37.62
8.0021 26.728 40.404
15.253 25.227 41.204
9.3095 25.797 40.234
9.8876 26.768 40.817
5.2452 25.361 39.179
7.469 26.102 39.995
3.6881 26.366 39.331
12.022 27.341 41.535
7.9468 25.952 40.024
14.087 27.824 42.196
15.932 25.045 41.26
15.148 24.904 41.029
10.237 28.403 41.666
7.465 23.981 38.986
4.1363 24.994 38.773
10.786 26.84 41.038
14.631 25.3 41.109
8.7002 27.81 41.064
9.4151 27.068 40.861
13.021 25.583 40.908
13.954 23.445 40.086
3.3474 26.133 39.15
10.63 22.235 38.817
10.996 25.489 40.44
9.4678 26.617 40.657
14.327 25.426 41.106
8.4642 26.759 40.515
6.5261 29.078 41.213
11.541 26.848 41.2
12.266 25.534 40.727
9.1103 26.283 40.424
13.914 25.851 41.222
2.4169 22.371 37.167
4.7524 24.167 38.509
-4.4251 27.449 38.153
12.487 24.913 40.478
5.3912 26.165 39.591
8.5488 22.987 38.74
14.85 25.129 41.074
10.387 26.201 40.651
7.5674 22.277 38.198
6.0183 25.695 39.499
8.8055 24.636 39.578
12.665 23.121 39.663
2.7283 24.925 38.446
9.2229 21.207 38.035
13.243 20.744 38.654
2.9156 22.646 37.402
12.971 23.019 39.679
12.994 22.654 39.51
5.3654 21.549 37.392
2.8618 25.576 38.784
11.697 21.812 38.839
13.898 25.22 40.918
12.96 26.574 41.366
13.653 24.996 40.761
4.3597 25.186 38.911
12.707 24.244 40.206
6.8701 22.035 37.937
7.3007 24.912 39.395
2.7752 26.922 39.405
15.682 28.476 42.838
10.736 24.14 39.745
14.421 21.745 39.376
17.277 25.333 41.677
4.6419 25.753 39.239
13.026 24.546 40.416
9.6664 22.702 38.838
14.859 29.049 42.939
14.746 20.281 38.748
13.809 23.98 40.31
5.7702 22.357 37.861
9.2433 23.728 39.237
11.341 25.636 40.582
25.162 25.276 43.297
15.707 23.579 40.516
21.3 26.554 43.098
12.133 26.245 41.037
11.168 26.295 40.859
12.836 24.149 40.188
7.7207 27.097 40.521
16.104 26.321 41.902
9.84 30.018 42.351
3.6727 27.127 39.69
14.446 27.314 42.028
2.4993 25.106 38.484
0.86053 22.423 36.867
11.293 24.258 39.917
5.2654 23.484 38.291
5.5039 23.872 38.525
9.3559 26.11 40.393
7.5261 23.886 38.954
8.7206 23.21 38.882
11.206 24.181 39.863
4.3646 24.678 38.671
4.233 25.819 39.185
-0.28236 23.095 36.948
8.206 25.635 39.927
13.2 25.156 40.742
6.9503 27.649 40.622
12.351 24.574 40.288
12.556 24.731 40.406
14.468 22.657 39.819
14.411 22.229 39.604
6.7741 25.621 39.622
5.8366 24.501 38.894
10.351 26.007 40.552
6.6037 23.215 38.442
17.411 28.817 43.361
16.638 25.244 41.502
10.704 27.094 41.142
7.9003 24.546 39.346
12.408 24.675 40.348
7.0201 26.38 40.034
9.533 26.112 40.431
7.1934 22.759 38.349
10.142 21.935 38.573
15.144 22.804 40.03
13.221 22.168 39.327
15.492 25.119 41.203
5.521 24.177 38.674
10.774 24.264 39.812
4.967 22.278 37.656
12.028 26.559 41.164
11.664 25.879 40.765
16.188 24.821 41.207
15.507 27.042 42.12
12.922 23.252 39.779
7.6791 25.829 39.91
7.8026 25.697 39.872
0.25593 25.699 38.298
7.6797 23.542 38.822
2.6473 25.654 38.776
14.332 23.97 40.415
14.108 23.207 40.005
10.377 22.593 38.935
8.4336 27.076 40.659
10.485 23.308 39.297
17.647 24.654 41.432
16.176 22.583 40.14
7.7815 24.406 39.254
10.04 18.536 36.936
4.3751 22.826 37.793
11.581 22.147 38.974
13.299 22.971 39.725
14.261 24.573 40.687
2.5884 24.349 38.143
12.878 28.889 42.449
5.7248 23.856 38.564
8.137 24.5 39.373
13.402 21.861 39.219
11.315 24.045 39.821
8.8984 22.324 38.498
12.913 25.061 40.637
18.032 26.706 42.488
7.1094 25.809 39.781
3.3669 23.599 37.949
4.0462 21.739 37.207
5.8232 27.92 40.516
7.2711 29.1 41.379
12.791 25.241 40.697
-0.22554 23.02 36.924
11.414 27.396 41.434
6.1308 23.815 38.629
15.155 24.06 40.63
6.1121 26.773 40.031
9.7077 22.23 38.622
5.0449 21.086 37.106
6.8351 25.841 39.739
8.849 25.801 40.141
8.9266 25.19 39.866
7.604 25.993 39.972
15.661 27.164 42.211
12.865 26.941 41.521
18.751 23.863 41.287
8.8639 26.62 40.533
15.15 25.346 41.24
-0.17518 23.989 37.395
12.775 22.613 39.445
11.933 26.294 41.018
8.1238 24.293 39.272
13.342 25.093 40.742
14.016 23.414 40.085
14.583 21.899 39.483
12.051 25.343 40.591
12.864 24.876 40.539
7.0559 27.398 40.525
4.9443 26.603 39.707
8.9679 27.107 40.786
10.716 23.502 39.438
14.333 23.127 40.015
5.9125 22.462 37.94
7.7735 25.996 40.009
24.909 30.578 45.764
7.1904 26.455 40.105
19.015 23.454 41.147
14.802 26.673 41.798
7.0605 22.743 38.314
9.1518 22.151 38.469
9.1395 26.435 40.502
12.084 23.444 39.696
16.616 25.632 41.682
2.4886 27.813 39.769
19.789 25.802 42.425
13.946 26.859 41.707
6.9899 21.788 37.845
9.5533 26.323 40.536
11.942 29.277 42.438
11.547 26.082 40.837
15.386 21.918 39.66
15.174 24.594 40.887
8.1632 24 39.141
9.4685 25.766 40.253
13.612 25.824 41.146
10.673 25.811 40.526
15.357 24.272 40.773
6.5683 23.801 38.714
12.12 23.821 39.882
11.584 26.707 41.142
16.227 21.294 39.539
3.5059 24.585 38.447
10.068 25.541 40.271
10.101 23.694 39.401
-1.1045 25.954 38.135
15.961 24.857 41.177
23.234 23.123 41.871
8.9261 25.323 39.929
11.311 24.464 40.019
7.6774 24.18 39.126
11.672 23.577 39.673
8.1952 25.123 39.682
9.0746 21.308 38.052
17.656 24.203 41.22
5.8129 23.913 38.609
7.0253 23.176 38.512
9.7912 26.305 40.577
9.1913 23.531 39.133
17.022 26.081 41.98
19.961 26.952 43.007
5.2772 24.686 38.865
6.9954 25.556 39.637
12.645 26.279 41.16
8.1573 24.838 39.538
19.674 26.082 42.534
17.536 22.475 40.373
12.941 27.221 41.669
12.465 23.021 39.574
7.9453 21.342 37.833
13.986 27.769 42.148
15.386 24.875 41.065
10.785 25.898 40.59
19.15 24.273 41.565
12.97 22.959 39.65
8.7437 18.854 36.817
11.925 26.253 40.997
15.185 24.427 40.81
8.046 24.605 39.404
9.6868 25.811 40.32
21.031 22.161 40.954
7.5569 23.541 38.797
14.805 27.295 42.094
14.061 26.196 41.416
17.307 22.437 40.308
11.997 20.593 38.323
-1.9437 23.858 36.964
5.9672 25.428 39.361
12.675 26.885 41.454
11.257 25.187 40.352
19.134 22.755 40.84
16.809 25.612 41.712
12.102 22.655 39.324
10.169 23.078 39.122
2.4278 23.693 37.798
18.633 22.541 40.634
10.578 24.458 39.863
2.3813 23.2 37.554
12.008 24.429 40.148
10.383 24.075 39.641
7.1709 24.18 39.02
12.242 23.993 39.99
6.9035 27.467 40.526
3.6878 26.221 39.262
1.611 25.118 38.305
7.9095 22.066 38.169
6.6106 21.748 37.747
11.642 21.07 38.475
3.4203 30.21 41.103
9.2332 26.945 40.764
2.8515 25.514 38.752
18.438 23.052 40.836
9.1678 22.707 38.737
16.003 26.095 41.774
12.742 28.13 42.06
13.951 21.613 39.215
4.3648 24.101 38.396
16.004 24.831 41.173
16.485 21.016 39.461
0.25167 26.682 38.764
9.0563 24.171 39.409
7.3301 28.824 41.26
10.657 24.218 39.766
6.0245 25.818 39.559
11.066 22.715 39.137
12.712 23.75 39.972
10.895 22.663 39.076
9.5262 25.785 40.274
4.1325 27.604 40.012
10.135 23.813 39.464
7.6082 25.873 39.915
3.7539 23.991 38.217
9.7549 25.204 40.046
9.2794 27.393 40.987
10.949 25.241 40.312
14.507 22.926 39.955
12.557 23.286 39.719
16.214 24.66 41.136
6.4612 24.617 39.079
5.6534 23.268 38.27
9.5882 25.361 40.086
16.926 27.533 42.65
16.185 24.498 41.053
9.3488 24.591 39.67
6.6189 20.597 37.202
2.5325 23.451 37.705
12.888 22.213 39.279
10.018 24.228 39.637
4.4831 26.051 39.348
8.7587 28.047 41.189
1.6635 28.597 39.969
12.032 24.766 40.313
9.0906 24.36 39.506
18.007 26.635 42.449
3.6046 25.98 39.131
14.83 26.531 41.736
10.873 26.557 40.922
10.045 22.039 38.602
13.561 26.081 41.257
15.695 24.817 41.102
4.6893 23.479 38.169
16.153 23.613 40.625
4.5081 27.563 40.071
4.663 23.381 38.116
6.4851 22.526 38.091
13.579 25.429 40.951
5.3518 29.022 40.941
11.609 25.051 40.36
12.046 25.617 40.72
10.516 23.124 39.216
13.053 28.348 42.229
4.4118 25.25 38.952
14.952 26.06 41.538
10.318 23.096 39.161
13.699 26.708 41.584
5.3813 25.778 39.406
9.9751 22.688 38.896
14.213 25.079 40.917
14.751 24.099 40.564
9.6219 25.218 40.025
1.0622 24.499 37.896
4.7012 24.62 38.713
10.802 22.934 39.186
13.728 24.353 40.471
12.4 26.533 41.23
7.4793 28.489 41.132
20.475 22.679 41.084
10.91 29.755 42.45
14.508 28.052 42.392
8.0488 25.337 39.753
4.588 24.398 38.584
13.117 23.603 39.987
15.168 26.666 41.87
18.564 23.611 41.128
7.3566 24.076 39.009
2.4117 26.767 39.256
17.85 25.872 42.053
11.478 26.793 41.161
4.7207 26.009 39.378
7.2265 24.198 39.04
6.0038 23.972 38.677
15.75 26.593 41.957
12.677 23.658 39.921
11.444 27.373 41.429
11.339 26.581 41.031
6.1333 25.575 39.466
14.758 25.006 40.996
11.746 25.731 40.712
9.5856 32.053 43.266
9.0886 24.775 39.703
9.1435 21.887 38.342
6.2053 28.83 41.028
13.696 26.22 41.351
16.515 23.704 40.744
22.471 30.235 45.091
12.544 26.102 41.055
6.1301 25.588 39.472
10.778 23.444 39.423
4.9237 22.87 37.928
6.6435 21.463 37.618
6.7433 24.154 38.918
5.7591 22.894 38.114
11.965 26.296 41.026
4.5822 24.365 38.567
13.616 28.538 42.436
14.168 28.021 42.306
15.008 25.328 41.202
9.8351 24.434 39.697
13.238 27.304 41.771
18.365 22.707 40.657
10.414 26.347 40.727
8.9892 23.662 39.153
18.395 24.199 41.372
-2.1764 23.656 36.819
7.9495 26.151 40.119
21.457 23.444 41.652
7.4895 22.873 38.465
7.4472 26.106 39.993
4.0248 24.153 38.35
13.884 25.723 41.155
-0.19 24.296 37.538
6.2349 25.539 39.47
12.108 19.871 38.003
10.104 25.932 40.464
13.428 28.707 42.477
10.852 27.079 41.166
13.477 26.822 41.592
3.7765 24.521 38.473
11.088 25.362 40.399
2.5541 25.488 38.678
13.775 25.193 40.88
8.3154 23.339 38.859
13.055 24.295 40.303
7.3841 24.65 39.288
11.46 24.039 39.848
15.247 26.674 41.891
1.1193 30.077 40.559
0.74142 22.353 36.809
1.2535 25.257 38.296
13.723 22.115 39.406
12.25 27.605 41.708
6.9697 27.82 40.707
16.786 21.675 39.837
11.121 28.887 42.081
2.1419 22.831 37.328
5.1721 25.454 39.208
3.6254 27.198 39.714
14.609 25.294 41.102
7.6651 29.591 41.695
5.0395 30.505 41.581
7.2685 25.277 39.561
5.5412 21.186 37.257
13.999 24.27 40.488
12.085 23.304 39.629
11.267 23.47 39.538
11.724 22.745 39.288
10.224 25.156 40.121
5.9547 29.213 41.158
12.425 23.568 39.826
6.0003 24.439 38.898
5.1423 27.333 40.095
5.1428 27.426 40.139
14.28 25.971 41.355
14.943 27.052 42.007
1.7818 26.741 39.112
9.2001 24.236 39.47
11.309 25.858 40.681
7.0053 24.402 39.09
13.432 23.2 39.861
11.369 26.269 40.889
9.2839 25.135 39.915
7.2856 24.626 39.255
13.312 25.583 40.969
14.302 26.975 41.837
12.341 25.786 40.862
8.8976 25.389 39.955
14.478 25.56 41.201
5.6682 25.102 39.144
10.508 23.451 39.37
16.875 26.574 42.183
9.4255 27.818 41.219
5.8314 23.932 38.622
19.766 28.856 43.871
8.7755 24.648 39.577
12.058 24.512 40.198
5.9378 23.205 38.299
11.19 23.415 39.495
12.011 23.094 39.514
10.106 25.708 40.358
11.941 28.194 41.923
15.895 26.055 41.732
3.4769 26.708 39.45
11.303 27.684 41.547
-0.13057 20.001 35.509
10.096 24.665 39.861
19.331 25.706 42.284
14.678 26.435 41.658
9.6574 22.39 38.688
8.1413 22.988 38.656
12.718 26.581 41.319
15.035 24.767 40.94
10.202 26.106 40.568
17.507 23.079 40.654
5.7046 21.732 37.55
0.61134 26.522 38.763
6.6992 27.387 40.445
9.4324 28.264 41.433
7.8511 21.936 38.095
5.6241 22.326 37.816
16.056 22.052 39.863
2.248 24.917 38.342
7.4982 23.769 38.893
5.6688 27.628 40.345
7.3839 22.09 38.071
6.3959 21.515 37.591
12.34 25.411 40.684
5.2963 27.386 40.152
5.8787 23.394 38.377
10.184 22.469 38.835
15.157 24.701 40.935
0.72876 21.727 36.509
18.625 25.035 41.817
5.9891 26.657 39.95
13.154 25.435 40.865
14.575 21.182 39.14
16.21 23.926 40.786
7.4502 24.396 39.181
10.547 28.627 41.838
9.4392 26.83 40.752
7.0854 24.886 39.337
11.612 27.619 41.581
11.47 22.911 39.314
8.2298 24.303 39.299
10.969 27.825 41.545
23.163 28.005 44.176
10.137 26.461 40.723
13.519 25.982 41.201
7.6454 23.828 38.951
7.6482 26.49 40.217
8.1473 23.344 38.826
12.84 26.149 41.139
6.2275 25.564 39.48
1.3947 27.279 39.286
10.154 24.148 39.627
8.0605 26.272 40.2
11.529 26.586 41.073
10.192 23.203 39.186
13.53 25.312 40.885
14.693 28.195 42.498
3.6769 25.225 38.787
2.6241 24.383 38.167
12.515 25.913 40.959
11.402 24.45 40.031
5.6066 25.886 39.504
15.895 24.73 41.103
10.154 24.963 40.015
10.701 25.922 40.584
11.635 27.725 41.636
13.72 25.904 41.206
17.693 28.297 43.173
8.2641 20.943 37.71
1.6035 24.101 37.82
14.91 25.472 41.249
5.3581 23.33 38.237
15.655 22.448 39.968
7.3227 26.234 40.028
17.289 26.225 42.104
6.208 25.579 39.483
4.7644 25.791 39.283
14.377 23.259 40.086
3.353 24.005 38.139
13.235 24.787 40.574
11.934 23.624 39.75
9.3925 25.664 40.189
8.925 29.73 42.024
19.742 24.036 41.576
8.3595 26.295 40.273
8.8436 22.931 38.775
5.8212 27.679 40.401
5.8737 23.062 38.217
7.254 25.417 39.625
18.042 23.763 41.091
8.2513 26.024 40.122
6.6973 25.023 39.321
7.8426 24.912 39.508
14.121 30.898 43.663
3.5483 23.74 38.054
12.993 24.906 40.58
4.2595 30.366 41.352
9.1013 22.707 38.722
1.3804 26.106 38.726
12.312 22.847 39.459
13.563 27.061 41.724
6.7843 25.655 39.64
11.676 26.304 40.97
10.714 24.442 39.884
15.61 25.49 41.404
10.964 27.945 41.601
14.439 20.45 38.764
9.0533 21.733 38.25
6.9932 25.831 39.767
9.6628 23.69 39.307
8.975 24.407 39.504
13.868 22.006 39.385
9.5165 23.19 39.039
5.8746 24.192 38.755
9.0862 23.548 39.119
15.488 23.267 40.322
7.9126 24.156 39.163
6.6217 23.115 38.399