3
45.526 101.73 44.082
54.026 83.436 49.103
27.188 105.08 33.252
47.654 88.16 45.339
44.09 79.528 43.235
33.425 85.891 36.935
39.157 98.35 40.321
44.247 99.432 43.327
65.465 92.817 55.859
60.16 93.703 52.726
33.148 95.817 36.772
61.901 79.884 53.754
46.757 86.494 44.809
41.587 76.467 41.756
46.687 87.545 44.768
40.656 98.502 41.206
41.186 96.675 41.519
51.769 109.38 47.77
51.24 92.538 47.457
51.293 74.103 47.489
46.403 104.51 44.601
34.082 100.99 37.323
46.703 86.486 44.778
52.69 93.015 48.314
45.206 97.26 43.893
48.785 94.211 46.007
46.767 96.637 44.815
40.01 90.059 40.825
43.927 90.737 43.138
36.837 91.579 38.951
47.826 84.869 45.441
34.478 102.12 37.557
34.991 90.887 37.86
36.692 96.324 38.865
22.693 83.766 30.597
51.432 82.687 47.571
44.132 90.328 43.259
37.05 88.879 39.076
50.986 100.69 47.307
30.777 95.549 35.371
41.33 95.274 41.604
40.417 79.496 41.065
44.093 83.369 43.236
44.052 92.651 43.212
36.329 88.107 38.65
41.803 101.23 41.884
40.919 101.62 41.361
46.116 86.487 44.431
49.169 98.112 46.234
49.274 102.24 46.296
36.337 93.416 38.655
42.507 103.89 42.3
34.039 99.246 37.298
34.698 92.529 37.687
41.955 97.957 41.973
52.05 92.776 47.936
36.953 87.59 39.019
44.435 93.901 43.438
40.521 91.253 41.126
49.327 88.277 46.328
34.859 104.89 37.782
42.213 92.761 42.126
45.623 112.75 44.14
49.217 88.818 46.263
52.126 95.714 47.981
42.563 103.57 42.333
32.219 112.43 36.223
37.132 93.296 39.125
35.039 84.567 37.889
57.413 97.734 51.103
37.963 80.432 39.616
46.905 88.941 44.897
40.738 93.128 41.255
47.827 102.96 45.442
36.985 102.29 39.038
32.805 90.567 36.569
32.673 98.115 36.491
45.201 88.525 43.891
40.837 96.219 41.313
40.714 106.17 41.241
51.307 92.46 47.497
43.912 88.659 43.129
43.297 87.062 42.766
52.411 96.928 48.149
36.725 101.49 38.884
46.568 107.98 44.698
47.476 91.556 45.234
40.402 92.257 41.056
43.414 86.012 42.835
34.355 103.61 37.485
34.472 90.226 37.554
42.688 87.26 42.406
46.736 108.44 44.797
58.954 97.821 52.014
37.627 96.583 39.417
43.228 83.049 42.726
41.459 94.431 41.681
29.324 94.833 34.513
39.122 82.265 40.3
30.232 88.934 35.049
47.511 87.915 45.255
36.177 95.054 38.561
42.656 83.024 42.388
38.429 99.559 39.891
43.99 105.21 43.176
38.063 88.498 39.675
45.213 91.006 43.898
46.848 95.133 44.864
53.226 100.81 48.63
40.727 95.113 41.248
27.978 93.825 33.718
36.494 87.04 38.748
50.883 89.369 47.246
34.969 95.704 37.848
48.301 104.5 45.722
42.813 95.53 42.48
51.421 81.648 47.564
29.142 94.138 34.405
40.704 90.239 41.234
34.08 88.879 37.322
61.069 89.704 53.263
47.411 84.144 45.196
51.043 88.664 47.341
35.061 84.614 37.902
38.927 88.032 40.185
40.213 91.889 40.945
49.203 92.551 46.254
40.178 89.246 40.924
46.6 89.896 44.717
28.545 90.954 34.053
39.68 94.583 40.63
36.599 101.05 38.81
31.659 95.68 35.892
45.331 88.802 43.967
43.849 95.789 43.092
42.22 89.057 42.13
33.254 76.665 36.835
49.393 72.545 46.367
44.296 77.455 43.356
40.039 89.073 40.842
42.15 86.086 42.089
40.282 85.245 40.985
30.523 91.056 35.221
40.127 85.727 40.894
36.548 85.87 38.78
35.579 95.689 38.208
34.417 97.032 37.521
38.501 110.25 39.934
28.868 93.094 34.244
48.323 91.61 45.734
45.41 86.523 44.014
41.869 89.448 41.922
41.772 90.594 41.865
36.766 76.945 38.909
48.68 89.113 45.945
41.126 96.928 41.484
37.315 86.362 39.233
50.862 95.128 47.234
40.526 98.834 41.129
38.137 99.458 39.719
40.074 97.12 40.862
36.44 72.937 38.716
34.655 86.35 37.662
58.564 98.539 51.783
52.856 94.385 48.412
44.017 91.085 43.191
33.757 94.276 37.131
36.325 99.836 38.648
40.842 92.193 41.316
47.19 85.1 45.065
33.265 89.367 36.841
26.722 88.996 32.976
32.498 97.895 36.388
44.187 94.323 43.292
44.566 95.405 43.516
44.962 92.242 43.749
41.146 88.105 41.495
43.205 91.513 42.711
38.878 92.647 40.156
47.653 80.036 45.339
33.071 92.212 36.726
44.984 98.431 43.762
36.435 89.996 38.713
39.804 103.43 40.703
45.625 95.532 44.141
48.814 87.823 46.024
34.671 89.608 37.671
50.267 89.008 46.883
46.329 93.014 44.557
41.555 96.979 41.737
40.72 88.654 41.244
40.573 94.605 41.157
40.012 104.88 40.826
42.151 98.396 42.089
42.336 97.557 42.199
47.417 84.66 45.199
52.013 86.994 47.914
45.062 92.996 43.808
40.625 90.169 41.188
46.1 78.199 44.421
43.202 79.01 42.71
35.247 98.987 38.012
48.224 85.128 45.676
44.014 107.54 43.189
42.886 73.387 42.524
45.379 94.64 43.996
43.714 91.045 43.012
35.826 84.855 38.354
40.935 94.184 41.371
41.042 84.678 41.434
38.511 97.742 39.94
53.03 91.787 48.515
36.257 77.857 38.608
38.827 71.684 40.126
37.331 88.639 39.242
34.3 99.914 37.452
40.739 92.408 41.255
40.203 91.389 40.939
52.033 96.691 47.926
40.367 79.904 41.036
35.021 102.15 37.878
52.515 84.151 48.21
50.096 91.488 46.782
40.494 88.08 41.111
32.123 91.957 36.167
39.084 75.501 40.278
40.977 103.07 41.396
43.81 95.374 43.069
40.287 106.91 40.989
44.908 102.31 43.717
44.57 91.151 43.518
33.799 83.357 37.156
35.784 77.056 38.329
37.14 91.022 39.13
38.67 92.662 40.033
39.898 99.251 40.758
42.082 83.455 42.048
22.136 96.845 30.268
39.003 91.497 40.23
50.147 85.05 46.812
35.005 96.981 37.869
48.123 93.251 45.616
44.297 89.188 43.357
41.81 105.89 41.888
43.196 95.863 42.707
31.737 89.886 35.939
41.446 93.189 41.673
52.518 91.935 48.212
42.645 92.393 42.381
42.271 94.606 42.16
37.186 86.099 39.157
41.798 84.67 41.881
43.524 93.897 42.9
44.796 106.02 43.651
39.555 88.508 40.556
40.449 82.927 41.084
55.27 89.416 49.838
27.191 86.815 33.253
56.619 88.742 50.635
44.214 94.825 43.307
48.558 90.121 45.873
31.087 86.03 35.555
38.131 87.388 39.715
40.177 80.462 40.923
44.772 84.243 43.637
31.048 79.532 35.531
45.093 86.977 43.827
34.047 82.204 37.303
42.434 85.398 42.256
46.278 88.706 44.527
44.145 81.523 43.267
49.099 91.011 46.193
48.597 93.855 45.897
37.732 83.257 39.479
43.686 99.879 42.996
35.807 78.269 38.342
33.332 87.689 36.881
48.064 79.359 45.582
42 88.265 42
41.64 80.485 41.787
47.975 86.577 45.529
45.899 85.213 44.303
44.296 81.649 43.356
50.198 74.804 46.842
48.097 95.626 45.601
43.572 106.91 42.929
37.473 108.54 39.326
37.727 86.995 39.477
49.817 90.817 46.617
31.431 87.058 35.757
41.84 91.599 41.905
29.221 83.412 34.452
48.692 75.923 45.952
47.651 90.842 45.337
42.008 81.278 42.005
41.535 75.892 41.726
25.696 109.46 32.371
45.811 89.237 44.251
27.623 93.871 33.509
26.791 100.11 33.017
42.524 77.642 42.31
35.78 94.134 38.327
44.698 95.044 43.594
46.439 91.762 44.622
47.625 92.383 45.322
37.468 86.705 39.323
44.947 96.807 43.74
42.66 84.27 42.39
47.417 84.806 45.199
45.516 96.838 44.077
47.888 104.52 45.478
41.135 87.914 41.489
41.035 86.969 41.43
48.608 94.392 45.903
28.074 99.186 33.775
38.691 98.605 40.046
33.668 92.95 37.079
39.491 85.907 40.518
46.254 96.097 44.512
47.415 90.497 45.198
35.345 101.77 38.069
38.911 79.753 40.176
42.899 92.142 42.531
40.086 101.19 40.87
43.979 87.118 43.169
44.623 86.103 43.549
35.902 83.449 38.398
40.84 88.761 41.315
28.019 89.084 33.742
49.511 92.26 46.436
37.875 83.894 39.564
34.106 91.471 37.338
40.335 86.169 41.016
32.632 87.856 36.467
41.863 84.345 41.919
38.323 88.673 39.829
56.281 119.66 50.435
49.465 118.22 46.409
25.627 99.721 32.33
44.894 97.315 43.709
32.832 80.644 36.585
40.327 86.322 41.012
43.078 86.11 42.637
46.903 95.362 44.896
40.21 94.791 40.942
52.336 92.101 48.105
38.846 88.226 40.137
44.148 83.703 43.268
46.359 91.144 44.575
42.559 100.05 42.33
47.777 94.526 45.412
44.119 92.486 43.252
36.858 96.098 38.963
30.161 95.361 35.008
54.188 78.456 49.198
38.036 91.057 39.659
42.678 87.635 42.4
45.693 74.944 44.181
42.745 80.474 42.44
36.067 88.323 38.496
38.933 97.479 40.189
41.181 89.161 41.516
51.698 93.307 47.728
36.355 83.743 38.666
47.145 74 45.039
44.024 91.792 43.195
40.466 83.416 41.094
35.069 100.14 37.906
40.137 104.73 40.9
41.432 88.037 41.664
32.365 100.24 36.309
43.26 98.597 42.744
36.608 79.645 38.815
41.382 90.721 41.635
44.205 93.123 43.302
36.068 95.012 38.496
40.11 96.327 40.884
44.296 96.405 43.356
29.961 96.104 34.89
48.793 88.677 46.012
57.898 94.379 51.39
48.291 73.268 45.716
39.929 81.68 40.777
44.811 100.6 43.66
35.207 85.599 37.988
54.314 93.886 49.273
48.169 103.11 45.643
47.163 84.066 45.049
36.257 83.254 38.608
44.098 87.139 43.239
38.339 94.415 39.838
39.958 89.328 40.794
38.262 83.153 39.792
35.274 78.361 38.027
36.041 87.923 38.48
40.624 89.213 41.187
30.86 86.494 35.42
45.984 89.014 44.353
41.228 82.289 41.544
46.585 95.465 44.708
43.768 73.784 43.044
45.241 92.223 43.914
32.275 96.083 36.256
35.31 84.108 38.049
39.069 90.479 40.269
42.719 93.332 42.425
49.402 86.295 46.372
40.099 90.848 40.877
50.273 94.463 46.886
45.118 83.635 43.841
49.699 97.807 46.547
42.832 99.705 42.492
37.693 93.449 39.456
32.286 90.894 36.263
43.02 81.783 42.602
47.368 95.052 45.17
40.081 81.307 40.867
38.454 103.54 39.906
39.976 95.131 40.805
34.809 92.934 37.753
38.767 87.801 40.091
40.815 73.702 41.3
42.301 81.519 42.178
41.582 93.889 41.753
46.009 110.24 44.368
42.717 96.891 42.423
53.895 93.735 49.026
44.046 86.746 43.208
53.833 92.246 48.989
37.258 98.526 39.199
45.453 89.065 44.039
40.293 105.97 40.992
45.935 81.408 44.324
45.895 88.105 44.3
27.665 91.083 33.534
33.298 75.292 36.86
32.551 95.267 36.419
44.635 91.679 43.556
51.641 91.865 47.694
39.857 97.257 40.734
47.327 99.406 45.146
45.577 97.449 44.113
35.104 87.119 37.927
44.606 90.691 43.539
37.069 93.69 39.088
51.943 81.258 47.872
41.786 82.773 41.874
52.728 87.861 48.336
39.213 91.552 40.354
45.865 105.3 44.283
41.588 97.317 41.757
28.741 87.18 34.169
35.56 85.858 38.196
46.017 103.27 44.372
41.64 112.68 41.787
34.664 92.158 37.667
37.893 87.104 39.574
43.636 79.828 42.966
35.488 98.586 38.154
48.393 93.448 45.776
37.799 100.15 39.519
53.862 84.065 49.006
34.919 92.744 37.818
43.306 85.84 42.771
32.026 100.89 36.109
37.255 86.516 39.197
38.11 90.216 39.702
44.632 88.301 43.554
48.178 99.032 45.649
43.97 94.446 43.164
39.554 82.974 40.555
47.348 86.103 45.158
47.239 82.823 45.094
42.788 95.032 42.466
45.746 93.721 44.212
44.707 78.085 43.599
35.528 75.717 38.178
46.981 90.795 44.942
37.69 96.433 39.455
38.04 92.247 39.661
43.16 78.776 42.685
39.984 78.638 40.809
41.136 97.861 41.489
45.904 89.937 44.306
48.865 88.095 46.054
40.702 101.41 41.233
44.149 84.729 43.269
40.437 92.038 41.077
43.506 94.351 42.889
44.885 97.573 43.704
37.955 84.126 39.611
43.802 93.878 43.064
45.942 112.9 44.328
42.605 79.007 42.358
53.343 94.708 48.7
38.009 89.084 39.643
37.167 84.324 39.145
30.525 84.131 35.223
47.97 95.09 45.526
47.686 109.51 45.358
41.476 84.688 41.691
47.892 95.43 45.48
43.205 86.591 42.711
43.907 106.73 43.126
42.741 95.34 42.437
44.885 89.973 43.704
42.667 95.935 42.394
60.278 91.381 52.795
34.35 99.609 37.482
29.841 89.244 34.818
34.52 81.927 37.582
34.83 92.789 37.765
39.157 103.32 40.321
40.895 81.478 41.348
40.567 89.043 41.154
45.55 99.057 44.097
44.553 75.822 43.508
46.926 96.078 44.909
53.661 97.247 48.887
50.02 92.881 46.737
33.585 84.692 37.03
26.728 90.588 32.98
47.914 91.877 45.493
29.963 98.142 34.891
42.438 96.276 42.259
42.233 88.226 42.137
56.605 104.19 50.626
41.546 90.586 41.732
38.673 84.473 40.035
43.546 87.557 42.913
43.612 97.851 42.952
42.459 92.56 42.271
38.009 97.961 39.643
33.983 91.363 37.265
44.075 110.78 43.226
33.194 77.577 36.799
35.232 87.542 38.002
50.729 90.535 47.156
39.253 91.644 40.378
41.08 102.53 41.457
47.901 92.879 45.485
40.032 90.043 40.838
48.75 91.701 45.987
39.737 96.911 40.664
48.641 85.683 45.923
46.127 94.674 44.437
40.603 78.548 41.175
36.323 90.243 38.647
35.16 83.367 37.96
40.229 85.778 40.954
39.127 93.175 40.303
39.32 82.009 40.417
48.45 83.302 45.809
40.048 78.925 40.847
49.5 73.489 46.429
38.514 89.716 39.941
48.378 100.38 45.767
38.575 89.477 39.977
43.158 89.17 42.684
48.366 82.841 45.76
39.285 103.5 40.397
39.126 88.954 40.303
55.137 101.57 49.759
48.236 94.018 45.683
39.167 88.847 40.327
46.255 99.687 44.513
39.639 98.741 40.605
46.629 90.223 44.734
51.284 101.5 47.484
31.478 104.89 35.786
48.747 90.636 45.985
51.561 89.193 47.647
42.311 94.218 42.184
53.451 94.058 48.763
43.019 97.432 42.602
33.888 88.783 37.209
27.616 96.34 33.505
39.814 99.271 40.709
46.679 92.518 44.764
44.081 92.265 43.229
44.712 81.109 43.602
38.216 81.605 39.765
42.944 79.424 42.558
31.255 80.876 35.653
37.016 89.653 39.056
36.631 78.06 38.829
45.408 108.9 44.013
41.907 96.865 41.945
34.423 74.415 37.525
41.938 81.836 41.963
37.477 90.044 39.328
37.628 77.305 39.418
47.667 87.482 45.347
42.744 99.675 42.439
44.612 89.76 43.543
47.797 90.601 45.424
43.182 83.079 42.698
45.612 86.674 44.133
46.478 80.378 44.645
49.676 94.069 46.534
45.12 87.484 43.843
51.261 97.432 47.47
42.148 100.82 42.088
41.686 99.541 41.815
53.156 90.983 48.589
38.658 86.923 40.026
41.981 81.286 41.989
48.032 92.081 45.563
42.982 98.637 42.58
51.213 88.509 47.441
48.781 89.782 46.005
43.912 95.935 43.129
36.9 97.737 38.988
45.716 79.842 44.195
32.934 92.376 36.645
43.603 92.591 42.947
47.301 89.924 45.131
43.397 98.117 42.825
47.768 88.244 45.407
55.37 84.754 49.897
48.059 93.331 45.578
43.75 94.69 43.034
46.208 89.372 44.485
44.79 97.383 43.648
33.379 78.753 36.908
39.269 82.406 40.387
50.031 66.807 46.743
41.714 95.131 41.831
45.819 83.224 44.256
35.4 88.838 38.102
42.423 99.019 42.25
45.936 91.496 44.325
33.072 87.297 36.727
44.279 84.32 43.346
40.808 89.065 41.296
35.839 95.641 38.361
41.754 78.962 41.855
29.565 90.168 34.656
28.046 96.884 33.758
34.282 79.546 37.442
35.505 96.161 38.164
34.308 96.243 37.457
30.686 83.736 35.317
43.89 79.104 43.116
31.546 94.194 35.826
42.723 97.431 42.427
47.161 95.714 45.048
41.985 97.053 41.991
42.611 81.633 42.361
39.52 95.576 40.535
32.277 86.171 36.258
41.713 86.538 41.83
48.301 78.799 45.721
53.398 99.996 48.732
39.179 92.324 40.334
31.329 98.716 35.697
43.091 103.02 42.644
44.467 82.032 43.457
40.512 96.068 41.121
34.466 90.724 37.55
55.274 98.564 49.84
26.528 99.431 32.862
38.656 97.433 40.025
33.334 84.31 36.881
37.829 89.899 39.536
44.084 93.145 43.231
42.905 116.09 42.535
37.339 100.63 39.247
47.095 109.53 45.009
46.081 94.384 44.411
46.245 92.78 44.507
39.209 95.801 40.352
48.876 86.972 46.061
46.333 100.95 44.559
58.451 90.132 51.716
48.974 80.262 46.119
49.586 98.087 46.481
42.347 78.561 42.205
33.551 76.168 37.01
39.566 93.232 40.562
37.031 83.338 39.065
38.302 83.687 39.816
45.64 89.799 44.15
38.349 87.035 39.844
36.13 89.096 38.533
39.316 93.097 40.415
40.945 81.702 41.377
44.684 81.347 43.585
35.753 74.194 38.31
44.081 87.952 43.229
42.512 96.283 42.302
50.685 85.629 47.129
40.602 94.946 41.174
41.118 95.267 41.479
34.319 98.684 37.463
32.916 98.64 36.635
44.036 85.581 43.203
40.364 84.162 41.034
45.303 91.461 43.951
36.146 85.588 38.543
54.515 102.82 49.392
42.802 101.97 42.473
48.866 91.915 46.055
40.512 87.576 41.121
40.934 95.029 41.371
46.525 85.897 44.673
45.644 90.093 44.152
34.654 86.619 37.661
31.949 91.604 36.064
34.801 99.787 37.748
32.716 96.676 36.517
42.391 100.08 42.231
39.303 83.678 40.407
39.587 92.371 40.575
33.076 82.989 36.729
47.112 94.173 45.019
44.881 93.652 43.702
41.412 101.27 41.653
48.696 99.879 45.955
36.269 96.051 38.615
44.719 87.055 43.606
44.285 87.276 43.35
44.29 74.773 43.353
37.218 87.331 39.176
44.143 78.74 43.266
38.624 98.3 40.006
36.122 98.021 38.528
34.11 91.914 37.34
48.805 88.155 46.019
36.453 92.006 38.724
40.866 103.71 41.33
34.074 101.52 37.319
40.052 87.396 40.849
20.806 91.844 29.482
34.872 81.942 37.79
32.646 93.963 36.475
35.348 96.71 38.071
40.602 98.11 41.174
39.867 78.799 40.74
54.75 95.301 49.531
38.251 84.055 39.786
40.36 87.974 41.032
31.709 97.014 35.922
38.87 93.294 40.151
33.226 89.497 36.818
42.199 95.82 42.117
47.594 104.1 45.304
44.651 86.114 43.566
37.406 80.179 39.287
31.308 81.528 35.685
51.574 83.729 47.655
55.443 85.986 49.94
42.79 95.595 42.467
35.509 74.297 38.166
49.854 93.055 46.639
38.114 84.732 39.705
38.919 99.654 40.18
47.812 84.346 45.433
32.917 90.849 36.635
29.169 83.261 34.422
44.759 85.655 43.629
44.628 88.997 43.552
42.624 89.199 42.368
45.257 86.911 43.924
49.097 100.12 46.191
48.364 95.514 45.759
38.272 105.64 39.798
47.311 88.923 45.137
43.136 99.491 42.671
38.685 74.264 40.042
34.175 95.885 37.378
46.242 94.047 44.506
39.681 87.977 40.63
42.304 96.525 42.18
36.8 97.844 38.929
31.833 98.966 35.995
43.125 94.358 42.665
41.593 95.76 41.759
49.863 85.834 46.644
47.257 82.431 45.105
48.907 89.037 46.079
37.089 92.366 39.1
35.86 98.404 38.374
33.678 84.533 37.085
45.265 87.192 43.929
60.289 115.03 52.802
46.771 86.17 44.818
36.931 106.12 39.006
47.486 98.755 45.24
34.601 86.401 37.63
32.659 89.937 36.483
46.705 89.402 44.779
36.899 94.639 38.987
44.072 101.89 43.224
51.223 78.217 47.447
44.63 107.12 43.554
48.096 97.314 45.601
31.47 86.399 35.781
46.338 90.101 44.562
56.023 93.704 50.282
45.548 93.433 44.096
31.896 100.29 36.032
40.668 99.62 41.213
38.722 88.077 40.064
44.512 90.027 43.483
44.702 96.886 43.596
44.659 92.017 43.57
39.615 99.962 40.591
38.07 85.459 39.679
38.134 94.653 39.717
47.597 93.418 45.306
29.849 101.76 34.823
40.641 80.291 41.197
43.773 91.047 43.047
37.719 91.325 39.472
45.129 72.488 43.848
41.532 100.89 41.724
35.847 113.15 38.366
43.058 89.182 42.625
40.241 93.237 40.961
39.312 87.25 40.413
37.336 93.941 39.245
42.403 87.995 42.238
29.894 89.911 34.85
39.388 103.78 40.457
38.436 84.194 39.895
36.02 86.291 38.468
46.28 90.497 44.528
37.185 89.837 39.156
45.545 102.5 44.094
48.399 107.27 45.779
40.971 83.213 41.392
43.822 85.955 43.076
46.194 95.228 44.477
41.469 87.966 41.686
45.547 106.9 44.095
33.721 103.79 37.11
49.282 95.606 46.301
35.511 95.322 38.167
30.008 88.036 34.917
51.079 97.271 47.362
41.589 99.938 41.757
44.944 92.192 43.739
39.618 106.25 40.593
35.308 96.166 38.047
21.849 89.658 30.098
46.107 94.039 44.426
40.12 99.659 40.89
40.706 87.81 41.236
44.66 90.384 43.571
32.693 109.62 36.503
37.217 87.128 39.175
49.524 98.685 46.444
45.92 97.584 44.316
33.598 103.41 37.038
27.552 94.838 33.467
38.254 71.35 39.788
43.403 84.267 42.829
48.18 95.205 45.65
42.615 93.06 42.363
34.641 106.4 37.653
44.008 102.21 43.186
34.312 94.764 37.46
35.699 91.511 38.278
37.713 78.612 39.468
33.938 105.6 37.239
40.223 92.022 40.951
36.099 78.594 38.515
40.127 94.395 40.894
38.968 91.747 40.209
39.313 86.411 40.413
38.698 94.836 40.05
50.087 85.573 46.777
46.002 80.395 44.364
42.387 77.087 42.229
32.381 87.889 36.319
31.339 85.776 35.703
29.116 94.193 34.391
59.083 79.473 52.09
48.376 89.496 45.766
43.685 79.095 42.995
35.611 105.21 38.227
34.483 89.897 37.56
45.591 100.81 44.121
52.263 95.166 48.062
30.896 97.952 35.442
39.053 81.772 40.259
41.447 100.97 41.674
28.938 102.22 34.285
47.516 74.647 45.258
39.281 89.536 40.394
54.539 86.117 49.406
39.437 92.183 40.486
44.683 84.315 43.585
34.509 93.04 37.575
37.902 95.643 39.58
34.336 92.764 37.474
44.574 90.121 43.52
50.537 80.966 47.042
38.107 91.366 39.701
44.862 86.933 43.69
38.693 80.773 40.047
42.67 90.569 42.395
49.844 89.518 46.633
42.789 92.543 42.466
35.201 98.717 37.984
36.38 95.442 38.68
40.886 101.34 41.342
40.743 85.183 41.258
36.322 84.007 38.647
43.185 90.274 42.7
50.305 102.17 46.905
40.353 101.31 41.027
40.659 89.97 41.208
27.564 85.928 33.474
36.921 78.814 39
32.864 96.119 36.604
39.467 91.122 40.504
45.447 81.733 44.036
51.989 88.577 47.9
53.794 76.756 48.966
41.234 94.394 41.547
39.9 89.57 40.76
47.361 104.07 45.166
45.214 80.287 43.898
47.018 98.818 44.964
47.104 92.259 45.014
32.293 91.43 36.267
45.543 96.77 44.093
41.4 100.46 41.645
37.015 82.384 39.056
37.452 101.36 39.314
50.403 81.593 46.963
36.69 82.353 38.864
33.89 85.474 37.21
43.408 96.877 42.831
55.186 82.816 49.788
42.168 93.66 42.099
44.022 94.316 43.194
35.848 92.08 38.366
52.979 95.656 48.484
42.82 81.712 42.484
45.476 99.077 44.053
35.757 91.756 38.313
47.6 96.924 45.308
44.552 83.254 43.507
34.42 91.237 37.523
42.261 97.971 42.154
39.045 98.979 40.255
42.716 90.347 42.423
40.357 76.253 41.03
40.755 82.267 41.265
35.227 92.577 38
39.88 97.254 40.748
47.026 94.792 44.969
53.441 86.404 48.757
34.39 108.63 37.505
57.59 91.937 51.208
52.007 98.101 47.91
43.105 87.727 42.653
40.025 82.106 40.833
37.419 96.331 39.294
47.461 99.362 45.225
37.445 105.35 39.31
38.971 86.732 40.211
47.794 78.216 45.422
44.859 103.9 43.688
47.88 93.233 45.473
45.31 82.132 43.955
39.371 86.501 40.447
38.63 84.503 40.01
47.222 100.33 45.084
37.599 95.596 39.4
49.781 93.107 46.596
47.185 93.029 45.062
43.887 84.525 43.114
42.021 98.882 42.012
44.398 93.805 43.416
65.126 89.466 55.659
41.263 89.517 41.565
31.793 89.955 35.971
54.558 84.253 49.417
45.999 96.976 44.362
37.751 101.95 39.491
59.163 111.03 52.137
45.613 95.083 44.134
43.929 84.518 43.139
36.899 92.476 38.987
35.017 82.846 37.876
30.404 85.864 35.151
39.227 85.706 40.362
35.094 84.227 37.921
46.248 94.1 44.509
39.917 82.1 40.77
53.6 96.565 48.851
51.906 97.542 47.85
43.075 99.258 42.635
40.146 90.795 40.905
49.555 96.088 46.462
34.482 105.13 37.56
46.418 91.523 44.609
37.612 89.486 39.409
39.375 105 40.45
37.595 70.988 39.398
45.775 87.464 44.229
36.898 110.17 38.986
35.026 87.096 37.881
45.626 86.638 44.142
39.223 81.202 40.36
44.371 97.348 43.4
39.693 74.202 40.637
43.767 84.697 43.044
25.184 95.108 32.068
45.055 91.06 43.804
54.155 96.234 49.179
48.815 92.162 46.025
47.973 96.542 45.528
40.428 80.747 41.072
43.187 92.758 42.701
43.602 78.605 42.946
42.632 97.231 42.373
36.554 88.409 38.784
39.69 96.147 40.636
40.854 86.708 41.323
38.848 93.535 40.138
47.488 99.493 45.241
58.645 75.677 51.831
33.322 75.979 36.875
42.842 76.478 42.497
32.542 97.514 36.414
50.541 94.414 47.045
51.245 85.64 47.461
31.098 102.64 35.561
54.746 92.39 49.528
34.887 78.242 37.799
43.487 82.947 42.878
49.206 80.175 46.256
42.965 98.6 42.57
57.054 86.58 50.891
60.05 82.12 52.661
42.907 86.441 42.536
29.495 84.071 34.614
39.607 97.713 40.586
36.439 94.659 38.715
36.985 93.283 39.038
34.605 94.128 37.632
42.513 91.353 42.303
55.814 83.791 50.159
37.306 95.189 39.228
40.161 84.441 40.914
49.649 82.671 46.518
49.953 82.661 46.697
45.184 97.975 43.88
48.728 98.942 45.974
47.71 77.175 45.372
39.497 89.767 40.521
44.812 93.065 43.661
40.038 86.11 40.841
36.099 96.902 38.515
46.162 93.116 44.458
42.442 89.797 42.261
40.773 86.548 41.275
43.913 96.417 43.13
48.477 97.89 45.825
44.577 94.784 43.522
43.276 89.127 42.753
43.835 98.351 43.084
42.336 83.811 42.198
36.921 92.028 39.001
47.159 102.2 45.047
51.239 89.709 47.457
38.498 84.222 39.931
54.641 106.72 49.466
40.844 89.014 41.317
40.402 94.467 41.056
36.114 84.486 38.524
36.804 93.162 38.931
35.751 94.561 38.309
44.321 91.09 43.371
52.472 93.831 48.185
45.459 100.64 44.043
47.601 79.987 45.308
50.799 92.836 47.197
25.609 74.817 32.319
40.901 91.2 41.351
44.315 106.37 43.367
46.703 98.578 44.778
33.444 90.746 36.946
35.404 88.162 38.104
47.185 95.313 45.062
41.236 99.37 41.549
45.627 91.201 44.142
35.701 103.67 38.279
31.286 84.276 35.672
46.992 75.262 44.948
49.825 85.244 46.622
52.702 89.667 48.321
31.953 87.808 36.066
33.234 84.072 36.822
32.335 101.39 36.292
41.727 78.167 41.839
37.964 87.003 39.616
50.617 83.508 47.09
32.458 87.016 36.365
30.575 85.448 35.252
43.346 94.828 42.795
49.823 82.92 46.62
36.736 84.365 38.891
33.701 91.61 37.098
41.021 99.579 41.422
31.269 76.033 35.662
42.114 105.29 42.067
47.432 84.156 45.208
43.428 96.173 42.843
29.48 99.038 34.606
38.48 101.42 39.921
40.019 86.848 40.83
53.892 91.47 49.024
47.999 89.851 45.543
41.626 86.185 41.779
50.586 93.356 47.071
35.149 93.687 37.954
39.716 88.151 40.651
51.263 92.266 47.471
51.852 112.45 47.819
46.789 91.051 44.829
45.218 96.712 43.901
38.157 87.24 39.73
46.885 86.924 44.885
36.569 88.13 38.793
45.767 95.568 44.225
43.848 84.682 43.092
49.471 76.469 46.413
39.207 91.357 40.351
46.171 87.634 44.464
47.201 93.343 45.072
36.109 91.534 38.521
43.025 96.81 42.605
52.474 98.392 48.186
42.737 80.497 42.435
39.976 78.854 40.805
44.995 95.057 43.769
40.196 93.39 40.935
44.906 83.615 43.716
41.116 100.8 41.478
41.88 91.259 41.929
45.022 92.051 43.785
50.933 93.382 47.276
44.963 97.054 43.75
52.809 103.35 48.384
28.699 88.612 34.144
39.054 77.197 40.26
43.548 99.079 42.914
36.523 83.51 38.765
33.633 100.68 37.058
46.046 86.416 44.39
46.018 102.93 44.373
43.898 84.648 43.121
44.592 82.231 43.531
36.291 98.461 38.628
38.736 80.107 40.072
41.301 96.385 41.587
37.49 94.37 39.336
44.176 89.914 43.285
57.51 88.65 51.16
38.838 107.26 40.132
46.246 88.127 44.508
35.217 89.333 37.994
50.784 83.755 47.188
35.645 84.397 38.247
43.369 86.4 42.808
37.944 104.47 39.604
45.358 87.98 43.983
42.074 85.526 42.044
41.712 87.436 41.83
61.338 97.119 53.422
37.869 80.463 39.56
41.693 95.97 41.818
59.594 80.844 52.391
34.481 89.787 37.559
45.626 76.586 44.142
34.941 95.089 37.831
48.758 96.656 45.992
44.148 85.594 43.269
46.276 93.62 44.526
40.171 92.25 40.92
43.608 100.24 42.95
51.656 92.243 47.703
27.081 98.902 33.189
31.29 89.824 35.674
44.724 85.919 43.609
37.706 90.599 39.464
40.057 89.373 40.852
32.184 97.768 36.202
36.067 90.416 38.496
39.35 84.262 40.435
37.241 89.661 39.189
36.318 100.3 38.644
39.234 87.643 40.366
35.819 85.63 38.349