4
3.9449 9.6161 103.4 99.118
11.045 11.921 111.6 99.983
-11.372 17.854 85.714 101.03
5.7223 10.019 105.45 99.285
2.7459 21.607 102.02 102.51
-6.1625 5.1947 91.729 97.562
-1.3749 23.275 97.258 102.87
2.8766 14.067 102.17 100.36
20.6 2.1278 122.63 97.462
16.169 17.625 117.52 101.76
-6.3936 0.4569 91.463 96.201
17.623 15.698 119.19 101.25
4.9732 25.514 104.59 103.69
0.65463 12.074 99.601 99.725
4.9148 15.86 104.52 100.93
-0.12265 16.625 98.704 101
0.32003 10.915 99.215 99.384
9.1594 17.896 109.42 101.64
8.7176 11.335 108.91 99.748
8.7623 18.194 108.96 101.71
4.6779 7.7244 104.25 98.599
-5.6137 13.055 92.363 99.824
4.9285 11.607 104.54 99.716
9.9292 9.1886 110.31 99.17
3.6778 13.618 103.09 100.25
6.6672 5.2218 106.54 97.942
4.9813 4.2288 104.6 97.609
-0.66201 4.9669 98.081 97.656
2.6096 8.6857 101.86 98.814
-3.3121 17.394 95.021 101.13
5.8659 13.516 105.62 100.29
-5.2828 19.513 92.745 101.68
-4.8544 18.107 93.24 101.29
-3.4338 10.146 94.88 99.056
-15.127 4.7496 81.379 97.174
8.8783 13.546 109.1 100.38
2.7811 11.186 102.06 99.533
-3.1349 19.49 95.225 101.73
8.5054 9.3619 108.67 99.178
-8.3744 21.172 89.175 102.06
0.44 14.363 99.353 100.37
-0.32246 15.474 98.473 100.67
2.7484 9.1759 102.02 98.958
2.7136 7.5286 101.98 98.486
-3.7371 11.8 94.53 99.52
0.8354 13.108 99.81 100.03
0.09692 4.9632 98.957 97.677
4.4381 13.776 103.97 100.32
6.9881 9.0946 106.91 99.058
7.0757 15.609 107.02 100.92
-3.7304 18.104 94.538 101.32
1.4237 2.6772 100.49 97.062
-5.65 8.6981 92.321 98.578
-5.0989 11.212 92.958 99.312
0.96248 0.68118 99.957 96.479
9.3946 -0.77123 109.69 96.308
-3.2156 3.525 95.132 97.17
3.0341 18 102.35 101.49
-0.23558 21.793 98.573 102.48
7.12 9.8165 107.07 99.268
-4.9651 10.232 93.112 99.036
1.1783 13.981 100.21 100.29
4.0263 17.607 103.49 101.4
7.0283 18.114 106.96 101.64
9.458 27.131 109.77 104.28
1.4707 15.61 100.54 100.76
-7.1698 6.2022 90.566 97.82
-3.0658 25.481 95.305 103.45
-4.8145 7.2506 93.286 98.188
13.874 9.7872 114.87 99.455
-2.3718 17.794 96.107 101.27
5.0974 14.165 104.73 100.45
-0.05392 13.321 98.783 100.06
5.8671 13.276 105.62 100.22
-3.1893 5.4625 95.163 97.725
-6.6805 5.5841 91.131 97.658
-6.7907 3.4393 91.004 97.042
3.6739 17.269 103.09 101.3
0.028476 8.0512 98.878 98.558
-0.073829 3.4572 98.76 97.242
8.7739 15.996 108.98 101.08
2.5971 11.691 101.84 99.672
2.0835 5.9254 101.25 98.01
9.6962 15.023 110.04 100.83
-3.4062 15.185 94.912 100.5
4.8156 15.945 104.41 100.95
5.574 9.8914 105.28 99.244
-0.33488 10.997 98.459 99.389
2.1813 10.695 101.36 99.376
-5.3856 13.58 92.627 99.981
-5.2876 15.478 92.74 100.53
1.5744 22.015 100.66 102.59
4.9559 9.8328 104.57 99.21
15.161 10.269 116.35 99.63
-2.6527 11.852 95.782 99.566
2.0261 19.404 101.18 101.86
0.54816 10.798 99.478 99.358
-9.5876 17.549 87.774 100.99
-1.4043 8.8556 97.224 98.746
-8.8299 7.8259 88.649 98.236
5.6029 23.149 105.32 103.03
-3.864 17.463 94.384 101.13
1.5482 16.134 100.63 100.91
-1.9825 12.887 96.556 99.881
2.6625 9.8021 101.92 99.134
-2.2881 19.265 96.203 101.69
3.6837 19.323 103.1 101.88
5.0497 3.5641 104.68 97.421
10.376 7.1678 110.83 98.605
-0.063258 10.932 98.772 99.378
-10.712 20.533 86.476 101.81
-3.5986 14.91 94.69 100.41
8.4194 20.524 108.57 102.37
-4.8724 9.549 93.219 98.843
6.2634 15.873 106.08 100.97
1.6794 9.634 100.78 99.058
8.8691 3.1357 109.09 97.409
-9.7403 14.147 87.598 100.02
-0.082838 13.159 98.75 100.01
-5.6156 8.5024 92.361 98.523
16.928 10.788 118.39 99.83
5.5199 8.9622 105.22 98.977
8.5529 16.225 108.72 101.14
-4.7959 7.0166 93.307 98.122
-1.5667 16.109 97.036 100.81
-0.49238 11.33 98.277 99.48
7.0163 12.009 106.95 99.891
-0.52197 8.1276 98.243 98.563
4.8425 8.6144 104.44 98.858
-10.238 8.7568 87.023 98.461
-0.93812 7.872 97.762 98.478
-3.511 8.9101 94.791 98.7
-7.6379 9.0558 90.026 98.622
3.7823 4.8256 103.21 97.745
2.5445 3.5293 101.78 97.338
1.1834 -4.1071 100.21 95.117
-6.3049 15.62 91.565 100.54
7.1755 7.9767 107.13 98.744
2.918 14.305 102.21 100.43
-0.63805 10.762 98.109 99.313
1.1254 17.59 100.14 101.32
-0.43501 15.004 98.343 100.53
-8.5863 20.615 88.931 101.9
-0.56457 14.225 98.193 100.3
-3.5536 15.721 94.742 100.65
-4.3633 10.66 93.807 99.176
-5.3339 7.6797 92.686 98.296
-1.9224 3.4217 96.625 97.178
-9.9689 4.9503 87.334 97.381
6.2813 22.896 106.1 102.98
3.8485 6.0405 103.29 98.094
0.8903 15.795 99.873 100.8
0.80955 13.364 99.78 100.1
-3.3717 16.553 94.952 100.89
6.5796 12.055 106.44 99.892
0.27034 11.466 99.157 99.54
-2.9136 16.251 95.481 100.82
8.4018 11.637 108.55 99.825
-0.23112 14.26 98.578 100.32
-2.2262 20.589 96.275 102.08
-0.60895 16.306 98.142 100.9
-3.6443 9.5143 94.637 98.869
-5.1352 11.182 92.916 99.303
14.835 21.441 115.98 102.81
10.068 3.6918 110.47 97.603
2.6844 14.825 101.95 100.57
-5.8855 21.117 92.049 102.12
-3.7404 12.825 94.526 99.813
0.033083 14.039 98.884 100.27
5.3348 18.502 105.01 101.7
-6.2957 25.259 91.576 103.29
-11.761 17.587 85.265 100.94
-6.937 9.5081 90.835 98.772
2.8267 13.122 102.11 100.09
3.1435 9.3548 102.48 99.021
3.474 13.183 102.86 100.12
0.2864 -0.3782 99.176 96.156
2.0061 7.5457 101.16 98.471
-1.608 15.932 96.989 100.76
5.7215 15.851 105.45 100.95
-6.4583 5.3466 91.388 97.597
3.4923 15.926 102.88 100.91
-3.6486 13.866 94.632 100.11
-0.83425 18.625 97.882 101.55
4.0277 14.245 103.5 100.44
6.6913 8.1282 106.57 98.773
-5.1216 7.7884 92.931 98.333
7.9049 6.5762 107.97 98.365
4.6158 14.486 104.18 100.53
0.62829 17.607 99.571 101.31
-0.069271 10.619 98.765 99.289
-0.19188 11.17 98.624 99.443
-0.66019 9.9156 98.083 99.07
1.1262 0.96903 100.15 96.566
1.2809 6.1042 100.32 98.038
5.5245 10.948 105.22 99.545
9.3636 15.206 109.66 100.87
3.5574 8.5105 102.95 98.791
-0.14865 6.3003 98.674 98.052
4.4243 7.12 103.95 98.419
2.0036 17.408 101.16 101.29
-4.6403 14.235 93.487 100.19
6.1991 14.045 106 100.45
2.6818 17.353 101.94 101.29
1.7404 17.728 100.85 101.37
3.8221 9.7186 103.26 99.144
2.4318 3.6467 101.65 97.369
-4.1567 4.7672 94.046 97.498
0.11084 17.883 98.973 101.37
0.20003 15.536 99.076 100.7
-1.9139 5.2308 96.635 97.695
10.213 11.192 110.64 99.751
-3.7966 12.41 94.461 99.692
-1.65 13.513 96.94 100.07
-2.8998 12.47 95.497 99.736
-5.4314 8.1324 92.574 98.422
-0.052939 18.984 98.784 101.68
-0.50114 10.19 98.267 99.154
9.3806 8.2252 109.68 98.879
-0.36396 2.203 98.425 96.875
-4.8289 5.7302 93.269 97.753
9.7825 28.518 110.14 104.69
7.7626 10.071 107.81 99.359
-0.25772 21.053 98.548 102.26
-7.2496 9.739 90.474 98.829
-1.4353 18.469 97.188 101.49
0.14588 9.706 99.014 99.034
2.5121 9.1861 101.75 98.954
-0.43045 14.868 98.348 100.49
3.4287 13.994 102.8 100.35
3.1465 16.906 102.48 101.18
-5.8503 9.8971 92.09 98.915
-4.1922 15.795 94.005 100.65
-3.0592 8.9689 95.313 98.73
-1.7814 17.372 96.788 101.17
-0.75586 16.541 97.973 100.96
1.0683 14.627 100.08 100.47
-15.591 6.3874 80.842 97.629
-1.5032 3.8485 97.11 97.312
7.8052 10.057 107.86 99.356
-4.8426 13.387 93.254 99.941
6.1142 4.8489 105.91 97.819
2.9188 15.904 102.22 100.89
0.84113 21.814 99.817 102.51
1.9993 10.477 101.15 99.308
-7.5722 11.777 90.102 99.402
0.53696 7.3476 99.465 98.371
9.7852 13.119 110.14 100.29
1.5387 8.2026 100.62 98.645
1.2266 18.667 100.26 101.63
-3.0212 17.012 95.357 101.03
0.83123 14.266 99.805 100.36
2.2726 11.52 101.47 99.614
3.3354 22.037 102.7 102.65
-1.042 1.0929 97.642 96.538
-0.29512 14.862 98.505 100.49
12.084 17.228 112.8 101.53
-11.37 12.63 85.717 99.536
13.211 20.845 114.1 102.6
2.8489 8.8094 102.13 98.856
6.4776 13.606 106.32 100.33
-8.115 20.011 89.475 101.74
-2.2318 7.9395 96.268 98.46
-0.52302 19.817 98.241 101.9
3.3153 3.45 102.67 97.338
-8.1481 11.291 89.437 99.246
3.5832 20.942 102.98 102.34
-5.643 15.68 92.329 100.57
1.3625 12.99 100.42 100.01
4.5731 14.589 104.13 100.56
2.7914 8.131 102.07 98.661
6.9298 5.1093 106.85 97.917
6.5105 1.86 106.36 96.976
-2.5652 16.132 95.883 100.79
2.408 2.5602 101.63 97.057
-4.1726 14.898 94.027 100.39
-6.2397 2.7312 91.64 96.855
6.0655 16.002 105.85 101
1.0003 14.505 100 100.43
0.6992 13.892 99.653 100.25
5.9904 11.163 105.76 99.62
4.2567 20.036 103.76 102.11
2.9181 17.712 102.21 101.4
7.8479 6.5816 107.91 98.365
6.0927 10.404 105.88 99.406
2.3132 15.337 101.52 100.71
-2.7813 10.737 95.634 99.244
-2.5687 18.7 95.879 101.53
7.5294 6.4378 107.54 98.314
-7.8284 15.428 89.806 100.44
0.86602 16.957 99.845 101.13
-9.6743 14.355 87.674 100.08
6.5895 14.632 106.45 100.63
5.7198 5.8144 105.45 98.084
1.0064 22.103 100.01 102.6
0.61201 12.215 99.552 99.764
-12.618 5.3928 84.275 97.431
4.1832 7.7452 103.68 98.591
-11.008 4.491 86.134 97.22
-11.703 7.2509 85.332 97.989
1.4378 16.365 100.51 100.97
-4.195 10.934 94.001 99.259
3.2538 14.155 102.6 100.4
4.708 17.607 104.28 101.42
5.698 9.5851 105.42 99.16
-2.7856 16.953 95.629 101.02
3.4613 12.107 102.84 99.816
1.5512 11.406 100.64 99.56
5.5246 15.033 105.22 100.71
3.9367 12.195 103.39 99.855
5.9179 10.079 105.68 99.308
0.27735 22.265 99.166 102.63
0.19374 13.225 99.069 100.04
6.5198 13.395 106.37 100.27
-10.632 10.208 86.569 98.865
-1.7637 4.8245 96.809 97.584
-5.9593 19.499 91.964 101.66
-1.0955 7.6291 97.58 98.404
4.553 13.799 104.1 100.33
5.5227 13.535 105.22 100.28
-4.5591 19.001 93.581 101.55
-1.5802 11.487 97.021 99.493
1.7505 8.5607 100.87 98.753
-0.5986 9.8265 98.154 99.047
2.6531 13.833 101.91 100.29
3.1905 12.067 102.53 99.797
-4.0936 4.6953 94.118 97.479
0.031461 18.608 98.882 101.57
-10.678 9.796 86.515 98.746
7.2734 27.111 107.24 104.21
-2.4457 12.746 96.021 99.827
-5.5938 11.278 92.386 99.317
-0.39091 13.399 98.394 100.07
-6.825 13.819 90.964 100.01
0.88576 15.99 99.868 100.85
-2.0709 27.216 96.454 103.97
12.928 2.9676 113.77 97.479
7.2356 7.7743 107.2 98.688
-12.676 8.5743 84.208 98.338
3.4172 14.806 102.79 100.59
-6.6579 10.562 91.157 99.081
-0.39699 16.007 98.387 100.82
1.9005 5.4388 101.04 97.865
5.0955 19.522 104.73 101.98
-0.49554 14.374 98.273 100.35
9.6338 15.236 109.97 100.89
-1.6342 6.1399 96.958 97.963
2.7939 9.8325 102.07 99.147
4.6409 14.08 104.2 100.41
1.4666 8.8359 100.54 98.824
5.8252 17.703 105.57 101.48
2.7703 9.6128 102.04 99.083
-3.2949 8.4711 95.041 98.581
-8.8884 15.062 88.582 100.3
11.18 8.6094 111.75 99.041
-2.3111 18.139 96.177 101.37
1.5661 4.747 100.65 97.658
4.0846 9.1463 103.56 98.988
1.6222 24.16 100.72 103.21
-3.9554 8.1062 94.278 98.458
-1.5618 10.32 97.042 99.16
0.31595 14.485 99.21 100.4
9.1006 15.353 109.35 100.91
-3.7149 28.785 94.556 104.37
5.2978 20.872 104.96 102.37
2.6904 10.311 101.95 99.281
-0.2809 16.57 98.521 100.98
-4.7893 20.486 93.315 101.97
-0.5563 12.653 98.203 99.856
0.52518 -0.3059 99.452 96.184
-7.0482 10.918 90.707 99.171
2.0526 5.9462 101.22 98.015
-3.5039 15.974 94.799 100.72
0.48382 12.381 99.404 99.808
2.8415 18.831 102.13 101.72
-3.955 7.2015 94.278 98.199
-0.57885 19.231 98.177 101.73
2.9174 6.7383 102.21 98.266
-9.0554 20.774 88.389 101.93
6.6743 14.267 106.55 100.53
14.279 20.191 115.33 102.44
6.2549 5.4551 106.07 97.996
-0.72955 17.637 98.003 101.27
3.3477 9.8665 102.71 99.173
-4.6743 4.2992 93.448 97.349
11.285 20.418 111.88 102.42
6.1525 15.505 105.95 100.87
5.3125 12.351 104.98 99.94
-3.7974 14.008 94.46 100.15
2.7524 10.439 102.02 99.319
-2.0579 5.3986 96.469 97.739
-0.70577 1.3619 98.03 96.625
-2.1221 3.4549 96.395 97.182
-4.6182 10.151 93.513 99.023
-3.9774 16.428 94.253 100.84
-0.14966 12.368 98.672 99.786
-8.3051 13.269 89.255 99.807
4.328 10.68 103.84 99.434
0.35479 14.678 99.255 100.46
4.8295 17.645 104.42 101.44
2.4769 8.9973 101.71 98.899
3.7073 6.2021 103.13 98.136
-7.1234 15.568 90.62 100.5
-4.5882 9.1965 93.547 98.751
-1.4483 0.76449 97.173 96.432
1.6006 14.378 100.69 100.41
7.1823 16.581 107.14 101.2
-0.58819 16.767 98.166 101.03
7.9098 15.374 107.98 100.88
3.604 12.696 103.01 99.989
7.4309 13.997 107.43 100.47
1.6953 23.622 100.8 103.06
-2.5975 13.073 95.846 99.917
-7.114 10.671 90.631 99.099
1.8516 20.656 100.98 102.21
5.4834 19.554 105.18 102
-0.60257 22.264 98.15 102.6
-1.962 18.133 96.58 101.38
-0.6905 15.971 98.048 100.8
-5.0063 20.305 93.065 101.91
-1.7003 11.958 96.882 99.624
0.01005 11.361 98.857 99.503
1.2511 8.6056 100.29 98.752
0.65065 22.469 99.597 102.7
4.3484 26.015 103.87 103.82
1.5988 18.595 100.69 101.62
10.936 10.271 111.47 99.509
2.709 6.5038 101.97 98.193
10.884 8.5612 111.41 99.018
-2.9607 13.115 95.427 99.918
3.884 6.1076 103.33 98.114
-0.42545 4.4443 98.354 97.514
4.2871 4.9174 103.8 97.786
4.2531 15.623 103.76 100.84
-10.973 1.2418 86.174 96.293
-6.2685 15.328 91.607 100.45
-6.8928 14.921 90.886 100.32
3.201 7.3336 102.54 98.445
9.0526 8.2276 109.3 98.87
-0.79004 9.7438 97.933 99.018
5.4493 9.7342 105.14 99.196
3.988 17.783 103.45 101.45
-4.76 11.927 93.349 99.526
3.177 8.4506 102.51 98.763
-3.1183 15.553 95.245 100.61
9.3049 18.777 109.59 101.89
0.82163 3.5503 99.794 97.294
9.9607 20.034 110.35 102.27
-1.3281 7.2503 97.312 98.289
4.2285 2.5225 103.73 97.1
0.65608 13.392 99.603 100.1
-10.075 18.633 87.212 101.29
-4.3794 19.426 93.788 101.68
4.3549 11.017 103.87 99.531
0.69938 16.758 99.653 101.07
-5.1275 12.015 92.925 99.541
-2.4308 11.778 96.038 99.551
2.3667 19.362 101.58 101.86
-4.439 14.034 93.72 100.14
6.34 18.528 106.17 101.73
-2.5093 15.504 95.948 100.61
10.908 9.9681 111.44 99.421
-4.9147 15.718 93.17 100.61
2.091 12.21 101.26 99.806
-7.331 5.8816 90.38 97.724
-2.9635 13.92 95.423 100.15
-2.2494 12.797 96.248 99.848
3.1982 10.242 102.54 99.276
6.1603 13.905 105.96 100.41
2.6458 8.4463 101.9 98.746
-1.0434 23.306 97.64 102.89
5.4666 4.4963 105.16 97.7
5.3757 4.7925 105.05 97.782
1.6584 18.784 100.76 101.67
4.1289 8.9583 103.61 98.936
3.261 9.6145 102.61 99.098
-4.4058 9.2394 93.758 98.768
5.1603 18.116 104.8 101.58
-2.5996 13.469 95.843 100.03
-2.3078 15.554 96.18 100.63
1.9692 2.8735 101.12 97.134
-0.68427 3.1677 98.055 97.141
0.27799 14.16 99.166 100.31
4.2609 2.8762 103.77 97.202
6.7337 23.682 106.62 103.22
-0.084264 14.698 98.748 100.45
2.7948 20.237 102.07 102.12
-0.30523 3.2395 98.493 97.173
2.2576 15.974 101.45 100.89
3.41 15.802 102.78 100.87
-2.3787 19.095 96.099 101.64
2.5053 11.171 101.74 99.521
4.2924 5.6804 103.8 98.004
1.5056 9.0979 100.58 98.9
10.475 10.595 110.94 99.588
-2.3332 11.063 96.151 99.35
-3.037 11.632 95.338 99.492
-8.5845 13.91 88.933 99.982
5.9869 24.752 105.76 103.5
5.7492 8.662 105.48 98.898
0.56241 9.3256 99.495 98.937
5.9212 22.839 105.68 102.95
2.0062 26.546 101.16 103.9
2.5927 9.0706 101.84 98.923
1.6186 2.5605 100.71 97.035
3.4097 15.833 102.78 100.88
1.5568 9.1754 100.64 98.923
16.267 13.341 117.63 100.54
-5.3901 12.134 92.621 99.567
-9.1564 14.256 88.272 100.06
-5.2478 5.5302 92.786 97.684
-4.9885 13.998 93.085 100.11
-1.375 10.598 97.258 99.245
0.077252 4.804 98.935 97.631
-0.19696 12.164 98.618 99.726
3.965 7.4263 103.42 98.493
3.1321 28.774 102.46 104.57
5.1147 13.48 104.75 100.26
10.74 12.948 111.25 100.27
7.699 12.076 107.74 99.93
-6.0287 12.004 91.884 99.512
-11.756 19.02 85.27 101.35
5.9401 5.6618 105.7 98.046
-9.0542 8.297 88.39 98.364
1.3656 18.56 100.42 101.6
1.1943 15.581 100.22 100.74
13.199 12.554 114.09 100.23
0.6209 20.385 99.562 102.1
-1.7787 12.315 96.791 99.724
2.2916 18.257 101.49 101.54
2.3463 13.05 101.55 100.05
1.3837 22.811 100.44 102.81
-2.3333 17.368 96.151 101.15
-5.6964 16.23 92.268 100.73
2.7335 8.4048 102 98.737
-6.3552 10.223 91.507 98.993
-4.6535 14.822 93.472 100.36
8.2914 14.946 108.42 100.77
-1.2944 5.0814 97.351 97.671
0.23143 14.476 99.113 100.4
5.9285 15.181 105.69 100.77
-0.64378 3.2549 98.102 97.167
6.6381 6.9841 106.51 98.444
-0.89 20.9 97.818 102.2
6.5473 10.3 106.41 99.389
4.447 6.9826 103.98 98.38
-0.16673 10.97 98.653 99.386
-3.7416 19.592 94.525 101.75
-4.7133 15.06 93.403 100.42
-0.47923 0.61548 98.292 96.418
-1.3998 9.8647 97.229 99.034
-1.2384 4.1837 97.415 97.416
6.3871 9.9261 106.22 99.278
-0.63055 2.5247 98.117 96.959
7.2642 16.972 107.23 101.32
-1.9118 18.479 96.638 101.48
6.327 17.891 106.15 101.55
-1.8605 18.326 96.697 101.44
1.9672 19.856 101.12 101.99
6.317 8.8092 106.14 98.957
-1.2674 10.102 97.382 99.106
-1.4005 5.2981 97.228 97.729
11.973 2.7931 112.67 97.402
6.2088 8.1436 106.01 98.763
-1.3662 5.6986 97.268 97.845
4.5544 13.47 104.1 100.24
-0.97222 10.851 97.723 99.329
4.8663 15.579 104.46 100.85
8.7549 8.2799 108.95 98.876
-7.7883 14.419 89.852 100.15
6.6353 14.351 106.51 100.55
8.9856 4.429 109.22 97.782
1.26 2.2968 100.3 96.949
10.565 0.71222 111.04 96.766
1.8511 9.4593 100.98 99.013
-5.776 13.119 92.176 99.837
-11.014 15.197 86.127 100.28
-0.82615 7.4675 97.891 98.366
4.9082 10.871 104.51 99.505
2.7385 0.66442 102.01 96.525
3.2654 22.864 102.62 102.88
-2.1608 8.5356 96.35 98.633
1.7887 15.09 100.91 100.62
-7.9753 3.7815 89.636 97.105
-3.1632 10.097 95.193 99.05
-3.4847 18.026 94.821 101.31
3.8467 6.513 103.29 98.229
0.92244 15.724 99.91 100.78
-5.3291 6.2221 92.692 97.879
0.94783 16.538 99.94 101.01
-2.7782 15.511 95.637 100.61
-2.6517 12.141 95.783 99.649
5.7331 23.051 105.47 103.01
1.6212 4.2412 100.72 97.515
3.1819 16.042 102.52 100.93
5.8417 22.983 105.59 102.99
1.9873 14.749 101.14 100.53
4.0172 17.024 103.48 101.24
4.7407 12.171 104.32 99.872
7.4117 18.143 107.4 101.66
3.6064 3.3031 103.01 97.305
8.7351 7.196 108.93 98.566
1.1238 7.043 100.14 98.301
0.73781 6.7218 99.697 98.198
10.319 26.559 110.76 104.14
-1.7918 22.327 96.776 102.58
0.98436 9.6095 99.982 99.031
6.0383 15.669 105.82 100.91
1.8205 3.9946 100.95 97.45
8.6951 9.5229 108.89 99.23
6.6641 11.684 106.54 99.788
2.597 14.751 101.84 100.55
-3.2596 19.373 95.081 101.7
4.1039 16.531 103.58 101.1
-6.5729 12.513 91.256 99.641
2.339 19.864 101.55 102
5.428 12.215 105.11 99.904
2.1669 16.641 101.35 101.07
5.8182 24.369 105.56 103.39
12.167 7.158 112.89 98.655
6.0606 11.718 105.84 99.78
2.462 7.7149 101.69 98.532
4.5145 4.5947 104.06 97.7
3.3305 18.533 102.69 101.65
-6.201 10.115 91.685 98.967
-1.2808 3.5771 97.366 97.241
7.7079 7.7333 107.75 98.69
0.76128 18.379 99.724 101.53
4.1901 16.698 103.68 101.15
-4.5128 13.341 93.634 99.937
1.3534 4.3463 100.41 97.537
4.2879 10.318 103.8 99.329
-6.4573 7.3629 91.389 98.173
2.9038 20.419 102.2 102.18
0.0040037 9.3264 98.85 98.921
-4.146 17.399 94.058 101.11
0.79442 22.264 99.763 102.64
-9.3865 19.796 88.007 101.64
-10.655 15.819 86.541 100.47
-5.4463 5.6231 92.556 97.705
-4.4254 25.442 93.735 103.4
-5.425 5.4492 92.581 97.656
-8.4506 8.7735 89.087 98.518
2.5787 12.99 101.82 100.04
-7.7317 16.648 89.917 100.79
1.6037 14.526 100.7 100.45
5.3109 8.8225 104.98 98.931
0.9878 7.5582 99.986 98.445
1.51 4.8101 100.59 97.674
-1.0713 10.811 97.608 99.314
-7.121 11.019 90.623 99.198
0.76 12.22 99.723 99.77
6.2627 11.178 106.08 99.632
10.521 16.23 110.99 101.2
-1.3563 12.114 97.279 99.678
-7.9132 9.3451 89.708 98.697
1.9111 11.531 101.05 99.607
3.0609 22.072 102.38 102.65
-0.24306 13.294 98.565 100.05
-5.2929 18.491 92.734 101.39
12.088 11.475 112.8 99.886
-11.924 8.5173 85.077 98.344
-1.7932 20.482 96.775 102.06
-6.2388 15.986 91.641 100.64
-2.4842 9.5252 95.977 98.906
2.7409 20.613 102.01 102.23
1.7561 11.745 100.87 99.663
-2.8929 12.442 95.505 99.728
5.2558 12.937 104.91 100.11
4.409 12.322 103.94 99.905
4.5459 14.728 104.09 100.6
-1.3313 5.0565 97.308 97.662
6.7433 16.291 106.63 101.11
4.6188 -0.25903 104.18 96.316
14.741 13.594 115.87 100.57
6.8248 7.1434 106.73 98.495
7.3367 15.818 107.32 100.99
1.2902 7.4894 100.34 98.434
-6.0568 17.395 91.852 101.05
-1.0333 9.0547 97.652 98.814
-3.1506 7.6354 95.207 98.347
-2.089 14.335 96.433 100.29
4.0406 11.159 103.51 99.562
-2.0496 9.9679 96.479 99.045
-3.9027 9.7196 94.339 98.92
-1.242 17.522 97.411 101.23
0.11879 10.261 98.982 99.192
3.242 12.493 102.59 99.92
-4.2178 9.4791 93.975 98.842
2.738 12.121 102.01 99.799
1.4273 8.7094 100.49 98.786
8.254 16.184 108.38 101.12
-0.16758 14.389 98.652 100.36
0.26343 17.598 99.149 101.29
-5.4158 14.065 92.592 100.12
-6.5874 14.409 91.239 100.18
2.7007 14.128 101.96 100.37
-0.36651 21.396 98.422 102.36
3.7591 12.443 103.19 99.921
-3.8893 10.788 94.354 99.226
11.453 15.054 112.07 100.89
1.6695 10.842 100.77 99.403
6.7348 6.0433 106.62 98.178
-0.24289 9.6813 98.565 99.016
0.10994 9.9058 98.972 99.09
4.7796 15.757 104.36 100.9
4.044 16.064 103.51 100.96
-5.1359 11.554 92.915 99.409
-7.3949 13.855 90.306 100
-5.0133 7.8254 93.056 98.347
-6.7545 12.075 91.046 99.511
1.3263 11.345 100.38 99.537
-1.2525 16.676 97.399 100.98
-1.0157 17.625 97.672 101.26
-6.4543 9.6244 91.393 98.819
5.2699 2.655 104.93 97.168
3.4068 13.453 102.78 100.2
0.50912 19.37 99.433 101.81
6.5932 19.376 106.46 101.98
-3.787 16.192 94.472 100.77
3.2714 18.542 102.62 101.65
2.9085 8.0013 102.2 98.627
2.9129 6.2201 102.21 98.118
-2.9943 15.312 95.388 100.54
2.7902 12.246 102.07 99.837
-1.8201 6.3722 96.744 98.024
-3.91 16.616 94.33 100.89
-5.5906 20.221 92.39 101.87
6.6844 14.711 106.56 100.65
-3.6334 14.301 94.65 100.24
0.052912 13.632 98.906 100.15
-5.6201 8.7987 92.356 98.607
-0.62743 13.03 98.121 99.961
-16.703 16.794 79.559 100.57
-4.9535 6.451 93.125 97.956
-6.8129 17.826 90.978 101.15
-4.5564 19.594 93.584 101.72
-0.16811 12.47 98.651 99.815
-0.782 12.282 97.942 99.743
11.65 21.032 112.3 102.6
-2.1317 15.436 96.384 100.61
-0.36948 15.363 98.419 100.64
-7.5955 11.751 90.075 99.394
-1.6147 8.4046 96.981 98.611
-6.3284 10.165 91.538 98.977
1.166 15.293 100.19 100.66
5.6725 8.2138 105.4 98.768
3.2142 12.943 102.56 100.05
-2.8375 8.7817 95.569 98.683
-7.9309 5.218 89.688 97.517
8.9968 22.317 109.23 102.89
12.229 18.318 112.97 101.85
1.66 11.905 100.76 99.706
-4.4219 19.005 93.739 101.56
7.5605 13.782 107.58 100.41
-2.2461 15.421 96.252 100.6
-1.5733 15.22 97.029 100.56
5.8549 14.895 105.61 100.68
-6.5872 12.693 91.239 99.692
-9.7176 12.404 87.624 99.519
3.3042 9.1583 102.66 98.969
3.1949 19.556 102.53 101.94
1.5211 11.396 100.6 99.557
3.7205 12.907 103.14 100.05
6.9277 7.4246 106.84 98.579
6.3154 13.437 106.14 100.28
-2.1142 21.051 96.404 102.21
5.4364 7.1358 105.12 98.453
1.9489 16.993 101.1 101.17
-1.769 4.8491 96.803 97.59
-5.536 15.606 92.453 100.55
4.5436 21.591 104.09 102.56
-0.93687 13.582 97.763 100.11
1.2543 6.6939 100.29 98.205
-3.3432 22.186 94.985 102.5
-7.4925 6.8313 90.194 97.991
1.9398 9.3656 101.09 98.989
0.65965 15.38 99.607 100.67
7.5673 15.38 107.58 100.87
5.3911 12.8 105.07 100.07
6.7692 14.673 106.66 100.65
-3.1018 15.188 95.264 100.51
-4.1285 11.82 94.078 99.514
-5.9511 14.106 91.974 100.11
3.7276 11.11 103.15 99.539
16.276 10.918 117.64 99.848
4.9851 10.404 104.6 99.374
-3.2342 13.22 95.111 99.94
5.5824 7.7041 105.29 98.62
-5.1801 8.8698 92.864 98.64
-6.8021 11.951 90.991 99.474
4.9296 15.153 104.54 100.73
-3.2608 11.668 95.08 99.496
2.7307 13.073 102 100.07
8.7039 9.94 108.9 99.349
3.1971 4.7872 102.54 97.717
6.092 9.9518 105.88 99.277
-7.7953 9.3194 89.844 98.693
4.6234 21.006 104.18 102.39
12.713 19.189 113.53 102.11
3.9639 15.936 103.42 100.93
-7.4397 19.267 90.255 101.55
-0.11266 13.393 98.715 100.08
-1.7384 9.751 96.838 98.992
3.0979 17.8 102.42 101.43
3.2568 9.402 102.61 99.037
3.221 8.8404 102.56 98.876
-0.99251 15.867 97.699 100.76
-2.2823 9.6538 96.21 98.949
-2.2293 7.1377 96.271 98.231
5.675 8.9286 105.4 98.972
-9.1493 9.0061 88.281 98.564
-0.13545 5.4415 98.689 97.807
2.4809 9.0138 101.71 98.904
-2.5754 15.704 95.872 100.67
3.6139 24.974 103.02 103.5
0.60937 9.7679 99.549 99.065
-4.1393 16.018 94.066 100.71
1.8838 22.782 101.02 102.82
-0.4689 12.84 98.304 99.912
-1.245 10.812 97.408 99.31
-2.8961 13.954 95.501 100.16
1.3366 14.154 100.39 100.34
-9.1117 7.9945 88.324 98.276
-1.1818 13.513 97.481 100.08
-1.9771 9.6089 96.562 98.945
-3.9947 6.7481 94.233 98.069
4.575 13.827 104.13 100.34
-3.0218 17.717 95.356 101.23
3.9612 16.418 103.42 101.06
6.3449 13.277 106.17 100.23
0.14079 16.801 99.008 101.06
2.5216 18.979 101.76 101.75
4.5028 12.405 104.04 99.932
0.55647 11.185 99.488 99.468
3.9625 17.041 103.42 101.24
-5.9154 12.608 92.015 99.687
7.082 23.526 107.02 103.18
-4.4201 5.6396 93.741 97.739
-9.0169 4.3294 88.433 97.232
8.5832 7.5653 108.76 98.667
0.65643 13.742 99.603 100.2
3.4588 12.805 102.84 100.02
-0.98965 11.598 97.703 99.542
-4.59 17.841 93.545 101.22
-15.831 11.324 80.565 99.033
4.4303 15.995 103.96 100.96
-0.57024 21.824 98.187 102.48
-0.080892 19.281 98.752 101.76
3.2216 10.443 102.57 99.334
-6.7741 24.755 91.023 103.13
-2.9953 18.117 95.387 101.35
7.2842 14.581 107.26 100.63
4.2746 7.339 103.78 98.477
-6.0179 21.965 91.896 102.36
-11.068 11.786 86.065 99.303
-2.1288 12.221 96.387 99.687
2.1721 13.219 101.35 100.1
6.1616 14.495 105.96 100.58
1.5134 25.131 100.59 103.48
-5.1472 20.092 92.902 101.85
2.6769 12.644 101.94 99.947
-5.4211 21.374 92.586 102.21
-4.2634 10.813 93.922 99.222
-2.5807 6.9855 95.865 98.177
-5.7337 10.171 92.225 98.996
-0.48414 9.6049 98.286 98.987
-3.9292 12.071 94.308 99.592
-0.56477 12.546 98.193 99.825
-1.5328 17.393 97.075 101.18
-1.2445 9.0312 97.408 98.801
-1.758 18.334 96.815 101.44
7.755 11.662 107.8 99.814
4.3428 15.967 103.86 100.94
1.3236 23.074 100.37 102.89
-7.0348 13.342 90.722 99.865
-7.9049 15.298 89.718 100.4
-9.7614 8.6661 87.574 98.449
15.269 14.983 116.48 100.98
6.3259 8.952 106.15 98.998
2.4075 12.131 101.63 99.793
-4.3361 8.8622 93.838 98.663
-5.2789 13.181 92.75 99.869
3.9995 8.331 103.46 98.753
9.5723 18.117 109.9 101.71
-8.2748 13.979 89.29 100.01
-1.4615 5.8597 97.158 97.888
0.53831 2.258 99.467 96.917
-9.9106 4.2224 87.402 97.175
5.6077 8.1224 105.32 98.74
-1.2712 12.826 97.377 99.884
11.473 15.621 112.09 101.05
-1.141 6.2739 97.528 98.016
3.2412 3.3047 102.59 97.294
-5.2573 9.9612 92.775 98.95
-2.4225 3.479 96.048 97.18
-5.4014 11.369 92.608 99.348
3.1502 6.7813 102.48 98.285
8.1305 15.789 108.23 101
-2.2515 9.3416 96.245 98.86
3.3901 13.483 102.76 100.21
-1.7625 7.5832 96.81 98.372
1.5593 22.519 100.65 102.74
7.5521 13.797 107.57 100.42
1.6588 11.518 100.76 99.596
-4.679 5.4594 93.442 97.68
-3.6945 14.626 94.579 100.33
0.06956 6.9664 98.926 98.249
-0.04981 6.5597 98.788 98.129
-3.7423 8.8935 94.524 98.689
1.9895 9.4104 101.14 99.003
7.9371 9.9436 108.01 99.328
-0.37571 22.015 98.411 102.54
-0.12048 16.49 98.706 100.96
-11.058 19.816 86.076 101.6
-3.2422 -1.8675 95.102 95.628
-6.6313 11.105 91.188 99.237
-1.1155 12.075 97.557 99.674
3.8788 11.378 103.32 99.62
9.3433 22.435 109.63 102.94
10.851 10.662 111.37 99.618
0.3598 8.5355 99.261 98.706
-0.75379 14.652 97.975 100.42
5.4777 6.4129 105.17 98.248
3.6847 22.036 103.1 102.66
5.1915 18.734 104.84 101.76
5.2628 25.963 104.92 103.83
-7.108 15.627 90.638 100.52
3.9597 14.267 103.42 100.45
0.49862 19.751 99.421 101.91
-3.1641 13.532 95.192 100.03
-2.799 12.704 95.613 99.805
8.0188 8.1871 108.1 98.828
-3.4351 8.5431 94.879 98.598
-5.7743 12.459 92.178 99.649
2.1759 16.68 101.36 101.09
12.013 18.903 112.72 102.01
1.14 9.4241 100.16 98.982
2.6886 10.499 101.95 99.334
-4.139 7.9066 94.066 98.395
10.17 6.6287 110.59 98.445
1.6846 14.634 100.79 100.49
3.9035 11.513 103.35 99.659
-4.2147 20.048 93.979 101.86
5.6778 10.875 105.4 99.528
3.1314 17.888 102.46 101.46
-5.3317 9.8844 92.689 98.926
1.2177 15.481 100.25 100.72
-1.468 19.608 97.15 101.82
1.5984 12.014 100.69 99.736
-0.37233 14.122 98.415 100.28
-0.040134 -1.4566 98.799 95.839
-4.6575 10.138 93.467 99.018
-0.77074 14.005 97.955 100.24
5.1984 13.813 104.85 100.35
10.556 22.571 111.03 103.01
-5.3564 14.545 92.66 100.26
14.022 13.642 115.04 100.56
9.3587 16.274 109.65 101.18
1.923 5.9748 101.07 98.019
-0.64978 10.358 98.095 99.197
-2.8267 15.525 95.581 100.61
5.5613 11.954 105.27 99.833
-2.8045 -0.28515 95.607 96.093
-1.5298 16.829 97.079 101.02
5.8398 5.7562 105.59 98.07
3.3878 6.2119 102.76 98.129
5.9117 15.574 105.67 100.88
3.7645 11.809 103.19 99.74
-1.1958 8.6267 97.465 98.687
-1.8145 4.2181 96.75 97.409
5.3619 9.8138 105.04 99.216
-2.6763 0.851 95.755 96.422
7.4996 15.266 107.51 100.84
5.3309 12.804 105 100.07
2.5759 5.9362 101.82 98.027
1.0177 11.921 100.02 99.692
3.0026 29.167 102.31 104.68
20.316 15.187 122.3 101.19
0.38416 15.149 99.289 100.6
-7.5258 21.382 90.155 102.15
11.489 15.637 112.11 101.06
4.3403 13.22 103.86 100.16
-2.5488 13.219 95.902 99.96
15.336 15.463 116.55 101.12
4.0177 19.009 103.48 101.8
2.6114 14.726 101.86 100.54
-3.2604 19.199 95.08 101.65
-4.8329 12.11 93.265 99.576
-8.686 17.041 88.816 100.87
-1.3164 10.041 97.325 99.087
-4.7681 17.378 93.34 101.08
4.5479 6.749 104.1 98.317
-0.73972 10.427 97.991 99.214
10.689 10.716 111.19 99.628
9.2738 23.281 109.55 103.18
1.8983 7.5048 101.04 98.456
-0.54876 6.1377 98.212 97.994
7.3107 14.774 107.29 100.69
