26.075 84.038 120.76 22.457
28.668 78.357 122.59 19.234
20.482 75.661 116.81 17.169
26.724 77.371 121.22 18.539
25.638 83.31 120.45 22
22.385 74.649 118.15 16.677
24.133 74.04 119.39 16.415
25.685 83.216 120.48 21.947
32.157 81.378 125.06 21.225
30.539 84.648 123.92 23.073
22.3 76.822 118.09 17.961
31.07 84.435 124.29 22.977
26.451 67.4 121.03 12.609
24.874 82.358 119.91 21.391
26.429 90.346 121.01 26.218
24.59 85.195 119.71 23.058
24.752 84.609 119.82 22.72
27.979 80.244 122.11 20.314
27.818 82.35 121.99 21.554
27.834 82.686 122 21.755
26.343 81.172 120.95 20.772
22.585 74.477 118.29 16.587
26.434 78.887 121.01 19.421
28.26 80.722 122.31 20.614
25.978 77.991 120.69 18.864
27.069 85.383 121.46 23.311
26.454 93.917 121.03 28.338
24.393 72.82 119.57 15.707
25.588 80.961 120.42 20.603
23.425 71.718 118.89 14.998
26.777 87.656 121.26 24.643
22.706 86.179 118.38 23.535
22.862 70.292 118.49 14.12
23.381 89.29 118.86 25.418
19.111 71.419 115.84 14.575
27.877 82.617 122.03 21.716
25.65 86.035 120.46 23.617
23.49 80.01 118.93 19.92
27.741 93.299 121.94 28.045
21.577 92.591 117.58 27.274
24.796 80.616 119.86 20.354
24.517 69.849 119.66 13.951
25.638 78.423 120.45 19.101
25.626 75.906 120.44 17.607
23.27 75.161 118.78 17.031
24.94 74.11 119.96 16.503
24.67 80.241 119.77 20.124
26.255 91.574 120.89 26.937
27.187 77.374 121.55 18.567
27.219 79.652 121.57 19.92
23.273 85.198 118.78 22.985
25.155 86.379 120.11 23.793
22.572 81.309 118.28 20.638
22.773 84.218 118.43 22.375
24.986 84.518 119.99 22.679
28.065 79.549 122.17 19.907
23.461 81.459 118.91 20.778
25.743 78.817 120.53 19.341
24.549 75.099 119.68 17.067
27.235 84.416 121.58 22.747
22.822 79.261 118.46 19.438
25.065 79.06 120.05 19.446
26.105 82.068 120.78 21.29
27.201 86.233 121.56 23.823
28.088 83.586 122.18 22.303
25.172 81.097 120.12 20.66
22.017 79.962 117.89 19.808
23.515 79.524 118.95 19.633
22.877 74.914 118.5 16.862
29.701 86.439 123.32 24.087
23.769 86.705 119.13 23.907
26.496 77.973 121.06 18.883
24.615 89.825 119.73 25.806
26.777 79.973 121.26 20.085
23.47 77.969 118.92 18.708
22.195 73.934 118.02 16.242
22.155 74.461 117.99 16.552
25.976 75.536 120.69 17.408
24.645 81.662 119.75 20.965
24.608 88.102 119.72 24.784
27.839 84.16 122.01 22.629
25.583 84.73 120.41 22.839
25.396 87.17 120.28 24.276
28.175 68.6 122.25 13.419
23.391 78.325 118.86 18.915
26.393 82.531 120.99 21.581
26.67 84.562 121.18 22.801
24.513 72.976 119.66 15.806
25.431 74.989 120.31 17.052
22.668 82.943 118.35 21.613
22.704 78.246 118.38 18.829
25.21 82.979 120.15 21.779
26.445 75.731 121.02 17.55
30.171 74.096 123.66 16.793
23.666 83.288 119.06 21.875
25.375 86.388 120.26 23.81
24.835 88.398 119.88 24.972
21.134 70.105 117.27 13.911
24.122 72.615 119.38 15.569
21.411 70.547 117.46 14.188
26.681 80.624 121.19 20.466
23.224 75.914 118.74 17.475
25.2 86.929 120.14 24.121
23.911 71.895 119.23 15.13
25.607 71.25 120.43 14.844
23.799 80.466 119.15 20.208
25.98 86.689 120.69 24.023
26.479 76.568 121.05 18.048
28.424 75.135 122.42 17.31
24.612 79.03 119.73 19.402
20.723 69.358 116.98 13.444
23.321 79.251 118.81 19.46
27.709 85.659 121.92 23.511
22.856 80.059 118.48 19.913
26.922 71.04 121.36 14.795
25.248 77.335 120.18 18.433
27.873 79.867 122.03 20.085
21.078 87.463 117.23 24.203
24.605 84.556 119.72 22.68
22.584 78.496 118.29 18.97
30.816 89.712 124.11 26.092
26.65 75.397 121.17 17.363
27.758 79.569 121.95 19.902
22.884 86.282 118.5 23.606
24.063 87.338 119.34 24.299
24.455 83.523 119.61 22.059
27.197 83.648 121.55 22.289
24.444 76.677 119.61 17.997
26.403 84.572 120.99 22.792
20.896 73.645 117.1 15.997
24.292 82.631 119.5 21.521
23.353 80.641 118.84 20.286
21.846 84.343 117.77 22.396
26.016 78.295 120.72 19.047
25.564 83.587 120.4 22.16
25.067 84.155 120.05 22.468
22.333 73.998 118.11 16.288
27.255 81.939 121.59 21.279
25.7 88.65 120.5 25.171
24.402 80.285 119.58 20.135
25.046 78.419 120.03 19.065
24.476 82.111 119.63 21.222
21.5 76.82 117.52 17.914
24.429 82.017 119.6 21.164
23.337 78.468 118.82 18.997
23.042 78.926 118.62 19.251
22.687 81.238 118.36 20.603
23.933 86.545 119.25 23.822
20.995 80.345 117.17 19.977
26.928 89.529 121.36 25.762
26.04 69.98 120.74 14.116
24.96 77.646 119.97 18.601
24.93 81.191 119.95 20.703
23.404 74.862 118.87 16.861
27.037 74.389 121.44 16.788
24.734 83.073 119.81 21.808
23.571 82.469 118.99 21.383
27.703 82.855 121.91 21.848
24.55 81.829 119.68 21.06
23.822 74.887 119.17 16.9
24.412 77.12 119.58 18.258
23.304 78.598 118.8 19.072
22.76 75.306 118.42 17.088
30.052 84.251 123.57 22.809
28.311 93.946 122.34 28.461
25.615 77.802 120.43 18.731
22.486 82.107 118.22 21.107
23.269 73.76 118.78 16.2
24.647 86.784 119.75 24.004
26.583 75.756 121.12 17.573
22.336 79.753 118.12 19.701
20.34 74.456 116.71 16.446
22.102 81.211 117.95 20.553
25.667 80.393 120.47 20.271
25.783 80.163 120.55 20.141
25.903 95.776 120.64 29.409
24.739 76.596 119.82 17.966
25.367 79.94 120.26 19.985
24.048 93.465 119.33 27.933
26.724 74.904 121.22 17.075
22.277 81.512 118.07 20.742
25.91 74.862 120.64 17.004
23.303 84.507 118.8 22.577
24.33 81.367 119.53 20.773
26.106 83.941 120.78 22.401
27.078 79.59 121.47 19.875
22.765 80.156 118.42 19.965
27.521 88.912 121.78 25.43
26.32 68.838 120.93 13.454
24.864 71.445 119.9 14.918
24.61 81.964 119.72 21.143
24.565 76.38 119.69 17.828
24.394 78.157 119.57 18.872
25.046 72.245 120.03 15.402
25.103 75.35 120.07 17.247
26.652 78.726 121.17 19.338
28.054 77.756 122.16 18.843
25.934 75.965 120.66 17.659
24.581 77.598 119.7 18.551
26.25 75.727 120.88 17.537
25.366 87.156 120.26 24.266
22.94 73.834 118.54 16.225
26.898 90.396 121.34 26.274
25.614 78.361 120.43 19.063
25.27 72.592 120.19 15.621
26.03 77.3 120.73 18.457
25.523 85.117 120.37 23.065
23.117 84.545 118.67 22.589
24.675 80.67 119.77 20.379
24.708 81.347 119.79 20.783
23.936 82.757 119.25 21.575
28.364 74.101 122.38 16.692
23.249 76.102 118.76 17.588
24.032 70.006 119.32 14.017
23.576 76.954 118.99 18.112
22.652 83.758 118.34 22.096
24.616 83.536 119.73 22.075
24.452 91.614 119.61 26.858
28.06 82.396 122.16 21.596
24.502 68.546 119.65 13.177
22.872 87.714 118.49 24.455
28.207 88.266 122.27 25.086
27.469 78.207 121.75 19.077
24.541 80.927 119.68 20.524
21.988 82.544 117.87 21.337
24.111 81.554 119.37 20.871
24.688 83.462 119.78 22.036
25.552 79.69 120.39 19.848
24.478 79.537 119.63 19.696
25.887 80.901 120.63 20.585
25.784 76.289 120.55 17.843
22.499 86.143 118.23 23.501
23.104 79.085 118.66 19.349
23.518 82.826 118.95 21.592
23.984 75.05 119.28 17.006
24.359 74.092 119.55 16.459
25.025 79.54 120.02 19.728
18.942 75.657 115.72 17.079
24.086 85.751 119.35 23.36
27.485 84.392 121.76 22.747
22.867 81.742 118.49 20.912
26.867 73.426 121.32 16.207
25.701 75.322 120.5 17.265
24.942 81.021 119.96 20.602
25.365 78.375 120.26 19.057
21.87 85.138 117.79 22.87
24.831 86.884 119.88 24.074
28.208 78.586 122.27 19.344
25.197 84.646 120.14 22.767
25.083 87.292 120.06 24.33
23.532 80.934 118.96 20.47
24.938 88.405 119.96 24.982
25.465 85.753 120.33 23.439
25.853 81.539 120.6 20.961
24.254 84.183 119.47 22.439
24.527 80.774 119.67 20.432
29.047 79.868 122.86 20.152
20.483 79.604 116.81 19.508
29.459 82.418 123.15 21.688
25.675 78.443 120.48 19.115
27 90.203 121.41 26.166
21.672 79.486 117.65 19.505
23.82 93.597 119.17 27.998
24.444 78.183 119.61 18.891
25.845 83.355 120.6 22.038
21.66 86.553 117.64 23.697
25.943 94.653 120.67 28.746
22.574 80.365 118.28 20.078
25.132 75.96 120.09 17.611
26.305 84.827 120.92 22.937
25.654 73.469 120.46 16.163
27.165 79.66 121.53 19.921
27.012 82.419 121.42 21.549
23.698 87.089 119.08 24.131
25.514 87.725 120.36 24.611
23.111 78.912 118.66 19.247
22.356 83.479 118.13 21.913
26.85 79.255 121.31 19.664
25 83.435 120 22.038
24.89 89.897 119.92 25.864
26.822 81.726 121.29 21.127
26.189 79.033 120.84 19.494
25.7 77.752 120.5 18.706
27.501 84.973 121.77 23.092
26.86 87.879 121.31 24.779
25.48 91.285 120.34 26.721
23.619 79.59 119.02 19.678
23.697 80.196 119.08 20.042
27.384 77.904 121.69 18.893
21.776 86.764 117.72 23.829
24.951 79.583 119.97 19.75
21.102 75.592 117.24 17.163
27.041 92.37 121.44 27.454
26.723 85.07 121.22 23.106
25.002 83.723 120 22.209
24.858 74.704 119.9 16.851
20.027 79.769 116.48 19.58
26.162 83.284 120.82 22.014
20.615 72.132 116.9 15.083
20.361 76.507 116.72 17.664
25.16 77.976 120.11 18.808
23.103 81.794 118.66 20.956
25.823 75.179 120.58 17.187
26.354 86.336 120.96 23.835
26.715 90.132 121.21 26.108
23.618 77.73 119.02 18.575
25.899 80.404 120.64 20.291
25.201 82.733 120.14 21.633
26.652 87.078 121.17 24.293
26.072 83.249 120.76 21.988
26.796 82.961 121.27 21.859
24.736 77.359 119.81 18.419
24.706 78.65 119.79 19.182
27.016 84.195 121.43 22.603
20.753 86.621 117 23.685
23.991 82.449 119.29 21.395
22.459 72.463 118.2 15.384
24.235 81.868 119.46 21.064
26.297 80.17 120.92 20.175
26.651 79.558 121.17 19.832
22.97 77.846 118.56 18.607
24.058 74.958 119.33 16.955
25.274 78.47 120.19 19.108
24.416 75.632 119.59 17.376
25.604 78.405 120.43 19.089
25.8 81.009 120.57 20.644
23.14 79.976 118.68 19.88
24.646 78.703 119.75 19.21
20.736 77.075 116.98 18.022
27.291 81.32 121.62 20.914
23.742 81.752 119.11 20.968
22.592 85.456 118.3 23.099
24.492 82.968 119.64 21.732
22.143 77.082 117.98 18.106
24.958 83.087 119.97 21.828
23.879 78.164 119.21 18.847
29.356 72.925 123.08 16.051
27.277 68.942 121.61 13.57
20.006 68.599 116.47 12.953
25.883 79.209 120.62 19.581
22.204 75.382 118.02 17.102
24.49 76.003 119.64 17.6
25.329 80.376 120.23 20.242
26.495 77.324 121.06 18.498
24.454 76.451 119.61 17.864
28.153 84.744 122.23 22.994
24.038 83.584 119.32 22.071
25.655 92.988 120.46 27.742
26.329 82.236 120.94 21.402
25.17 80.388 120.12 20.24
26.762 77.898 121.25 18.853
25.646 79.309 120.46 19.627
23.432 78.953 118.89 19.29
21.389 69.071 117.45 13.312
28.717 80.521 122.63 20.521
23.791 83.29 119.15 21.883
25.207 77.138 120.15 18.314
26.126 83.131 120.8 21.922
25.227 85.265 120.16 23.136
23.191 84.692 118.72 22.68
24.065 83.569 119.34 22.064
24.75 68.133 119.82 12.946
27.958 78.546 122.09 19.306
23.278 83.823 118.78 22.17
26.569 82.835 121.11 21.771
25.617 80.334 120.44 20.233
24.532 82.036 119.67 21.181
22.886 84.815 118.51 22.736
24.432 80.515 119.6 20.273
24.827 75.971 119.88 17.6
22.061 77.594 117.92 18.406
25.384 79.112 120.27 19.495
23.355 83.837 118.84 22.183
24.812 82.048 119.87 21.204
25.672 83.181 120.48 21.925
23.191 79.864 118.72 19.816
24.423 77.829 119.59 18.68
25.7 80.668 120.5 20.436
21.328 79.29 117.4 19.37
27.072 73.771 121.47 16.423
29.849 83.354 123.43 22.266
26.919 85.779 121.36 23.537
24.368 79.112 119.55 19.437
25.857 88.599 120.61 25.15
22.928 81.876 118.53 20.995
28.756 79.694 122.66 20.032
26.881 80.141 121.33 20.191
26.575 79.357 121.11 19.709
23.248 80.377 118.76 20.124
25.64 84.241 120.45 22.552
23.883 77.925 119.21 18.705
24.377 82.071 119.56 21.193
23.86 88.551 119.19 25.007
22.949 83.814 118.55 22.146
23.183 83.379 118.71 21.901
24.58 75.556 119.7 17.34
21.602 75.525 117.6 17.152
26.215 81.868 120.86 21.177
24.764 79.359 119.83 19.606
26.398 72.255 120.99 15.486
25.539 72.4 120.38 15.523
25.989 85.827 120.7 23.512
22.034 74.578 117.9 16.615
22.959 89.779 118.56 25.684
24.106 68.007 119.37 12.835
25.219 82.442 120.16 21.461
27.257 81.132 121.6 20.8
24.42 75.781 119.59 17.464
27.523 83.362 121.78 22.138
25.951 76.35 120.67 17.889
27.348 85.642 121.66 23.48
25.254 80.474 120.18 20.296
23.686 70.825 119.07 14.483
22.037 65.919 117.9 11.479
25.311 78.681 120.22 19.235
26.637 86.772 121.16 24.11
24.415 80.649 119.59 20.352
23.918 79.741 119.24 19.785
24.383 83.265 119.56 21.902
22.807 71.663 118.45 14.93
24.014 86.913 119.3 24.045
24.639 75.175 119.74 17.117
25.092 80.242 120.06 20.149
24.872 78.047 119.91 18.834
26.223 81.388 120.86 20.893
25.219 70.005 120.15 14.084
28.628 89.732 122.57 25.98
25.624 83.148 120.44 21.903
28.609 92.248 122.55 27.471
23.554 86.638 118.98 23.855
26.053 80.586 120.74 20.408
24.479 74.86 119.63 16.922
26.2 71.565 120.85 15.065
26.188 80.682 120.84 20.472
20.628 78.953 116.91 19.13
22.346 84.107 118.12 22.285
22.118 73.618 117.96 16.05
25.804 84.532 120.57 22.734
27.94 81.841 122.08 21.26
24.346 75.653 119.54 17.384
26.625 84.835 121.15 22.961
26.091 81.926 120.77 21.205
22.897 77.727 118.51 18.532
25.795 90.152 120.56 26.067
23.496 82.414 118.94 21.346
28.033 80.943 122.14 20.732
24.935 81.409 119.95 20.832
28.272 82.088 122.31 21.425
24.15 80.477 119.4 20.234
26.179 82.946 120.83 21.815
24.874 76.801 119.91 18.095
20.956 73.837 117.14 16.114
23.036 80.892 118.61 20.417
26.225 90.408 120.87 26.243
24.89 78.351 119.92 19.016
22.763 73.619 118.42 16.088
23.747 78.134 119.11 18.822
25.499 77.735 120.35 18.685
23.014 77.306 118.6 18.289
26.95 83.446 121.38 22.155
23.719 78.684 119.09 19.146
28.618 78.721 122.56 19.447
22.84 76.614 118.47 17.869
25.398 73.327 120.28 16.065
21.958 74.013 117.85 16.275
23.553 71.934 118.98 15.133
23.813 76.726 119.16 17.99
25.803 74.763 120.57 16.939
26.884 77.268 121.33 18.487
25.601 78.733 120.42 19.283
24.254 73.389 119.47 16.036
26.631 80.715 121.15 20.517
26.598 82.568 121.13 21.614
25.24 75.115 120.17 17.116
26.142 86.359 120.81 23.837
25.826 72.171 120.58 15.403
23.026 76.977 118.6 18.095
26.519 73.045 121.07 15.961
23.686 77.552 119.07 18.473
23.792 72.517 119.15 15.492
25.354 77.19 120.25 18.353
24.385 75.844 119.57 17.5
24.736 73.711 119.81 16.254
26.191 69.866 120.84 14.057
27.094 83.983 121.48 22.482
24.604 90.195 119.72 26.025
25.655 91.88 120.46 27.084
24.523 77.204 119.66 18.315
25.459 79.991 120.32 20.021
25.88 78.02 120.62 18.876
23.766 79.778 119.13 19.798
25.55 75.501 120.39 17.363
26.202 70.627 120.85 14.509
25.185 79.903 120.13 19.953
28.46 75.364 122.45 17.447
23.783 69.506 119.14 13.706
23.526 91.6 118.96 26.797
21.5 77.038 117.53 18.043
26.821 83.009 121.29 21.889
26.734 87.063 121.23 24.289
24.84 71.166 119.89 14.751
26.797 83.045 121.27 21.909
25.367 82.791 120.26 21.676
25.582 80.722 120.41 20.462
25.226 80.933 120.16 20.566
25.88 77.697 120.62 18.684
25.203 83.859 120.14 22.301
30.575 78.371 123.94 19.351
22.667 74.695 118.35 16.72
21.291 81.915 117.38 20.924
22.719 87.623 118.39 24.392
22.813 76.899 118.45 18.036
24.133 76.942 119.39 18.137
24.663 81.952 119.76 21.139
24.563 85.354 119.69 23.151
26.083 85.571 120.77 23.366
25.779 81.793 120.55 21.108
26.502 77.455 121.06 18.576
28.557 85.051 122.51 23.198
27.446 80.811 121.73 20.621
22.433 85.872 118.19 23.337
20.342 70.354 116.71 14.013
26.804 81.636 121.28 21.073
21.329 84.866 117.4 22.677
25.134 77.495 120.09 18.522
25.071 76.789 120.05 18.099
29.454 77.376 123.15 18.697
24.862 78.482 119.9 19.092
23.985 78.451 119.28 19.023
25.472 80.946 120.33 20.588
25.492 75.656 120.35 17.451
25.14 80.499 120.1 20.304
23.783 76.254 119.14 17.708
22.555 76.861 118.27 17.999
25.633 75.961 120.45 17.64
22.314 77.189 118.1 18.18
22.936 97.517 118.54 30.273
27.662 99.037 121.88 31.444
24.162 85.541 119.41 23.239
24.719 83.95 119.8 22.327
26.8 74.258 121.27 16.697
24.4 76.662 119.58 17.986
27.059 77.811 121.46 18.819
24.31 82.436 119.51 21.406
27.026 83.522 121.43 22.205
26.259 81.193 120.89 20.779
24.574 78.019 119.7 18.801
23.269 74.323 118.78 16.534
22.914 78.985 118.52 19.279
24.46 85.649 119.62 23.32
24.124 81.782 119.38 21.007
24.183 80.532 119.42 20.269
26.967 84.4 121.39 22.722
24.405 82.738 119.58 21.59
27.287 72.744 121.62 15.826
23.937 79.566 119.25 19.682
26.945 78.759 121.38 19.375
23.955 68.909 119.26 13.361
25.353 73.273 120.25 16.03
26.941 79.309 121.37 19.7
24.172 83.875 119.41 22.251
24.123 78.37 119.38 18.983
29.007 83.366 122.83 22.225
26.902 76.285 121.34 17.905
24.136 68.358 119.39 13.045
26.298 81.137 120.92 20.748
24.28 74.697 119.49 16.814
26.412 86.799 121 24.113
27.832 90.432 122 26.349
21.791 76.464 117.73 17.72
27.058 87.227 121.46 24.404
27.916 86.413 122.06 23.97
25.095 72.695 120.07 15.672
28.493 81.573 122.47 21.132
25.311 81.512 120.22 20.915
22.526 81.48 118.25 20.737
20.613 81.323 116.9 20.535
24.333 83.171 119.53 21.843
26.427 84.239 121.01 22.596
25.635 78.693 120.45 19.261
25.827 82.384 120.58 21.461
23.846 67.717 119.18 12.648
25.288 74.073 120.2 16.501
21.723 84.607 117.68 22.546
23.48 75.807 118.93 17.426
23.362 80.883 118.84 20.431
26.039 88.356 120.74 25.016
24.972 75.367 119.98 17.25
22.689 73.86 118.37 16.226
24.981 77.43 119.99 18.475
23.62 81.602 119.02 20.872
23.667 78.269 119.06 18.897
26.728 75.783 121.22 17.597
25.227 71.94 120.16 15.232
25.797 78.474 120.56 19.14
26.768 79.735 121.25 19.943
25.361 77.399 120.25 18.478
26.102 79.19 120.78 19.582
26.366 74.991 120.97 17.107
27.341 84.025 121.66 22.521
25.952 69.176 120.67 13.634
27.824 82.164 122 21.444
25.045 83.499 120.03 22.078
24.904 75.541 119.93 17.35
28.403 81.405 122.41 21.027
23.981 81.006 119.28 20.539
24.994 76.803 120 18.104
26.84 80.849 121.3 20.608
25.3 82.291 120.21 21.376
27.81 76.535 121.99 18.105
27.068 85.374 121.46 23.305
25.583 85.979 120.41 23.58
23.445 80.891 118.9 20.44
26.133 80.645 120.8 20.447
22.235 72.566 118.04 15.433
25.489 82.816 120.35 21.698
26.617 74.491 121.14 16.824
25.426 88.479 120.3 25.054
26.759 83.615 121.24 22.245
29.078 83.415 122.88 22.258
26.848 78.879 121.31 19.44
25.534 68.958 120.38 13.481
26.283 74.429 120.91 16.768
25.851 82.324 120.6 21.427
22.371 91.221 118.14 26.506
24.167 83.43 119.41 21.987
27.449 82.834 121.73 21.821
24.913 77.14 119.94 18.299
26.165 81.218 120.82 20.789
22.987 83.994 118.58 22.254
25.129 78.745 120.09 19.263
26.201 90.43 120.85 26.255
22.277 72.298 118.07 15.276
25.695 78.393 120.49 19.086
24.636 80.091 119.74 20.033
23.121 68.908 118.67 13.313
24.925 82.9 119.95 21.716
21.207 78.508 117.32 18.899
20.744 78.291 116.99 18.744
22.646 82.952 118.34 21.617
23.019 84.433 118.6 22.516
22.654 82.995 118.34 21.643
21.549 75.838 117.56 17.335
25.576 80.046 120.41 20.06
21.812 80.242 117.75 19.962
25.22 73.58 120.16 16.204
26.574 75.404 121.11 17.363
24.996 77.779 120 18.682
25.186 80.497 120.13 20.305
24.244 88.928 119.47 25.253
22.035 82.66 117.9 21.409
24.912 77.657 119.94 18.605
26.922 77.692 121.36 18.74
28.476 89.708 122.46 25.957
24.14 93.774 119.39 28.121
21.745 79.243 117.7 19.365
25.333 77.678 120.24 18.642
25.753 73.036 120.53 15.912
24.546 84.839 119.68 22.845
22.702 80.357 118.38 20.081
29.049 88.08 122.86 25.023
20.281 72.919 116.66 15.531
23.98 80.74 119.28 20.381
22.357 75.28 118.13 17.05
23.728 85.989 119.1 23.48
25.636 77.454 120.45 18.526
25.276 79.684 120.2 19.828
23.579 77.482 118.99 18.425
26.554 85.942 121.1 23.613
26.245 82.849 120.88 21.761
26.295 75.429 120.92 17.363
24.149 76.287 119.4 17.749
27.097 75.615 121.48 17.518
26.321 83.288 120.93 22.026
30.018 84.234 123.55 22.797
27.127 72.566 121.5 15.711
27.314 71.249 121.64 14.941
25.106 79.843 120.07 19.913
22.423 82.334 118.18 21.238
24.258 80.506 119.48 20.258
23.484 71.22 118.93 14.706
23.872 71.373 119.2 14.818
26.11 85.061 120.79 23.065
23.886 78.688 119.21 19.158
23.21 77.098 118.73 18.177
24.181 86.43 119.42 23.767
24.678 75.701 119.77 17.431
25.819 81.113 120.58 20.707
23.095 81.218 118.65 20.614
25.635 84.578 120.45 22.751
25.156 75.639 120.11 17.422
27.649 83.181 121.87 22.038
24.574 94.068 119.7 28.321
24.731 72.004 119.81 15.242
22.657 81.084 118.34 20.509
22.229 77.421 118.04 18.312
25.621 76.013 120.44 17.67
24.501 75.427 119.65 17.259
26.007 83.091 120.71 21.891
23.215 91.14 118.74 26.506
28.817 77.784 122.7 18.903
25.244 82.933 120.17 21.754
27.094 78.142 121.48 19.017
24.546 90.044 119.68 25.932
24.675 82.668 119.77 21.564
26.38 79.973 120.98 20.063
26.112 83.777 120.79 22.304
22.759 78.851 118.42 19.191
21.935 84.22 117.83 22.329
22.804 77.938 118.45 18.652
22.168 72.757 118 15.542
25.119 81.34 120.08 20.802
24.177 87.7 119.42 24.521
24.264 73.414 119.48 16.052
22.278 77.38 118.08 18.291
26.559 86.001 121.1 23.648
25.879 70.462 120.62 14.392
24.821 83.16 119.87 21.864
27.042 84.934 121.44 23.043
23.252 80.235 118.76 20.04
25.829 76.412 120.59 17.919
25.697 80.311 120.49 20.224
25.699 80.833 120.49 20.534
23.542 84.13 118.97 22.367
25.654 83.775 120.46 22.276
23.97 77.665 119.27 18.556
23.207 87.521 118.73 24.359
22.593 78.533 118.3 18.992
27.076 76.815 121.47 18.229
23.308 76.876 118.8 18.051
24.654 84.289 119.76 22.524
22.583 79.806 118.29 19.747
24.406 84.322 119.58 22.53
18.536 77.128 115.43 17.928
22.826 91.835 118.46 26.896
22.147 69.919 117.98 13.858
22.971 76.824 118.57 18.001
24.573 79.349 119.7 19.59
24.349 80.138 119.54 20.045
28.889 89.511 122.75 25.863
23.856 80.569 119.19 20.272
24.5 79.153 119.65 19.469
21.861 78.787 117.78 19.102
24.045 83.427 119.32 21.979
22.324 75.08 118.11 16.929
25.061 82.373 120.04 21.411
26.706 72.721 121.21 15.779
25.809 79.995 120.57 20.043
23.599 74.406 119.01 16.602
21.739 74.977 117.69 16.835
27.92 82.928 122.06 21.903
29.1 76.204 122.9 17.982
25.241 74.982 120.17 17.037
23.02 71.133 118.6 14.628
27.396 69.618 121.69 13.978
23.815 78.62 119.16 19.114
24.06 85.572 119.34 23.252
26.773 79.941 121.25 20.066
22.23 77.399 118.04 18.299
21.086 72.604 117.23 15.39
25.841 88.648 120.59 25.178
25.801 79.105 120.57 19.515
25.19 86.819 120.13 24.056
25.993 82.378 120.7 21.467
27.164 79.715 121.53 19.954
26.941 86.593 121.37 24.022
23.863 84.536 119.2 22.626
26.62 80.231 121.15 20.229
25.346 86.907 120.25 24.117
23.989 88.75 119.29 25.133
22.613 78.466 118.31 18.954
26.294 79.318 120.91 19.669
24.293 81.749 119.5 20.997
25.093 81.874 120.07 21.117
23.414 83.403 118.88 21.928
21.899 77.121 117.81 18.116
25.343 83.887 120.24 22.325
24.876 85.387 119.91 23.188
27.398 82.122 121.7 21.395
26.603 81.598 121.13 21.039
27.107 74.536 121.49 16.879
23.502 73.157 118.94 15.856
23.127 71.47 118.68 14.833
22.462 72.265 118.21 15.267
25.996 79.692 120.7 19.874
30.578 74.398 123.94 16.995
26.455 92.398 121.03 27.437
23.454 83.068 118.91 21.732
26.673 70.093 121.18 14.219
22.743 72.872 118.4 15.644
22.151 78.019 117.99 18.662
26.435 71.817 121.01 15.228
23.444 76.832 118.9 18.032
25.632 85.985 120.45 23.586
27.813 80.555 121.99 20.489
25.802 80.052 120.57 20.076
26.859 75.725 121.31 17.57
21.788 75.507 117.73 17.152
26.323 73.639 120.94 16.302
29.277 84.031 123.02 22.635
26.082 78.191 120.77 18.989
21.918 82.53 117.82 21.325
24.594 86.226 119.71 23.67
24 85.097 119.29 22.967
25.766 80.202 120.54 20.163
25.824 77.793 120.58 18.738
25.811 74.045 120.57 16.514
24.272 80.252 119.49 20.108
23.801 84.386 119.15 22.534
23.821 77.639 119.17 18.532
26.707 79.953 121.21 20.069
21.294 81.349 117.38 20.589
24.585 84.282 119.71 22.516
25.541 72.908 120.38 15.824
23.694 80.386 119.08 20.155
25.954 81.495 120.67 20.941
24.857 79.143 119.9 19.484
23.123 83.701 118.67 22.088
25.323 78.269 120.23 18.992
24.464 75.439 119.62 17.264
24.18 81.024 119.42 20.561
23.577 81.678 118.99 20.914
25.123 78.931 120.09 19.373
21.308 82.291 117.39 21.148
24.203 71.714 119.44 15.039
23.913 73.871 119.23 16.303
23.176 63.125 118.71 9.8861
26.305 83.362 120.92 22.069
23.531 74.116 118.96 16.426
26.081 79.225 120.76 19.602
26.952 86.22 121.38 23.801
24.686 80.108 119.78 20.046
25.556 77.989 120.39 18.839
26.279 76.231 120.9 17.837
24.838 78.67 119.89 19.202
26.082 83.674 120.76 22.241
22.475 70.859 118.21 14.434
27.221 80.755 121.57 20.575
23.021 83.076 118.6 21.712
21.342 70.789 117.41 14.328
27.769 84.863 121.96 23.042
24.875 83.487 119.91 22.062
25.898 75.865 120.63 17.599
24.273 71.819 119.49 15.106
22.959 81.23 118.56 20.613
18.854 81.127 115.65 20.318
26.253 83.635 120.89 22.227
24.427 83.677 119.59 22.149
24.605 73.66 119.72 16.217
25.811 83.439 120.57 22.086
22.161 75.567 117.99 17.209
23.541 76.354 118.97 17.754
27.295 73.063 121.62 16.016
26.196 86.315 120.85 23.814
22.437 79.628 118.19 19.634
20.593 83.012 116.88 21.535
23.858 87.28 119.19 24.253
25.428 74.305 120.3 16.646
26.885 84.284 121.33 22.648
25.187 80.027 120.13 20.027
22.755 83.628 118.41 22.024
25.612 86.062 120.43 23.631
22.655 83.091 118.34 21.7
23.078 74.791 118.64 16.8
23.693 78.689 119.08 19.148
22.541 80.143 118.26 19.945
24.458 96.141 119.62 29.544
23.2 85.474 118.73 23.144
24.429 91.773 119.6 26.951
24.075 81.691 119.35 20.951
24.18 80.691 119.42 20.363
23.993 82.683 119.29 21.534
27.467 78.491 121.74 19.245
26.221 87.062 120.86 24.258
25.118 79.24 120.08 19.556
22.066 71.396 117.93 14.729
21.748 82.899 117.7 21.534
21.07 69.885 117.22 13.776
30.21 73.022 123.68 16.158
26.945 82.471 121.38 21.577
25.514 75.316 120.36 17.251
23.052 74.293 118.62 16.504
22.707 78.012 118.38 18.69
26.095 78.007 120.77 18.88
28.13 80.407 122.21 20.42
21.613 79.72 117.61 19.641
24.101 73.479 119.36 16.081
24.831 73.554 119.88 16.167
21.016 67.099 117.18 12.12
26.682 78.813 121.19 19.392
24.171 83.037 119.41 21.754
28.824 78.263 122.7 19.188
24.218 82.214 119.45 21.269
25.818 83.217 120.58 21.955
22.715 84.006 118.38 22.246
23.75 84.516 119.12 22.608
22.663 75.252 118.35 17.05
25.785 75.94 120.56 17.637
27.604 81.553 121.84 21.07
23.813 75.952 119.16 17.531
25.873 87.985 120.62 24.786
23.991 86.666 119.29 23.896
25.204 80.596 120.14 20.365
27.393 78.977 121.69 19.529
25.241 82.775 120.17 21.659
22.926 75.553 118.53 17.244
23.286 78.493 118.79 19.009
24.66 77.074 119.76 18.245
24.617 80.357 119.73 20.19
23.268 84.997 118.78 22.866
25.361 84.039 120.26 22.416
27.533 87.209 121.79 24.42
24.498 74.996 119.64 17.003
24.591 80.73 119.71 20.41
20.597 72.689 116.89 15.412
23.451 81.225 118.9 20.638
22.213 80.299 118.03 20.019
24.228 86.35 119.45 23.722
26.051 86.237 120.74 23.76
28.047 84.918 122.15 23.09
28.597 79.174 122.54 19.715
24.766 77.41 119.83 18.45
24.36 69.02 119.55 13.45
26.635 78.488 121.16 19.196
25.98 72.43 120.69 15.565
26.531 85.597 121.08 23.407
26.557 85.465 121.1 23.33
22.039 79.238 117.91 19.379
26.081 78.574 120.76 19.216
24.817 80.652 119.87 20.376
23.479 87.58 118.92 24.409
23.613 86.317 119.02 23.668
27.563 78.951 121.81 19.524
23.381 80.065 118.85 19.947
22.526 72.941 118.25 15.672
25.429 82.297 120.3 21.387
29.022 85.851 122.84 23.7
25.051 84.702 120.04 22.792
25.617 72.352 120.44 15.498
23.124 81.684 118.67 20.892
28.348 77.184 122.37 18.52
25.25 78.168 120.18 18.928
26.06 84.625 120.75 22.804
23.096 80.597 118.65 20.246
26.708 80.003 121.21 20.099
25.778 83.542 120.55 22.145
22.688 87.337 118.37 24.22
25.079 76.8 120.06 18.106
24.099 72.534 119.36 15.52
25.218 74.07 120.15 16.495
24.499 74.843 119.65 16.912
24.62 76.322 119.73 17.797
22.934 81.964 118.54 21.047
24.353 68.839 119.54 13.343
26.533 81.993 121.08 21.269
28.489 77.7 122.47 18.834
22.679 84.553 118.36 22.568
29.755 77.932 123.36 19.044
28.052 81.565 122.16 21.102
25.337 75.297 120.24 17.229
24.398 76.157 119.57 17.686
23.603 77.95 119.01 18.704
26.666 79.644 121.18 19.884
23.611 76.578 119.02 17.891
24.076 85.401 119.35 23.151
26.767 83.742 121.25 22.32
25.872 90.076 120.62 26.026
26.793 79.456 121.27 19.779
26.009 86.047 120.71 23.644
24.198 68.691 119.43 13.246
23.972 82.804 119.27 21.605
26.593 82.727 121.13 21.708
23.658 77.385 119.05 18.372
27.373 84.8 121.68 22.982
26.581 85.351 121.12 23.264
25.575 85.658 120.41 23.389
25.006 82.185 120 21.296
25.731 83.489 120.52 22.111
32.053 80.024 124.99 20.416
24.775 74.197 119.84 16.545
21.887 77.053 117.8 18.074
28.83 82.884 122.71 21.929
26.22 85.551 120.86 23.362
23.704 75.244 119.08 17.105
30.235 80.074 123.7 20.342
26.102 96.007 120.78 29.558
25.588 77.059 120.42 18.289
23.444 89.2 118.9 25.369
22.87 83.929 118.49 22.209
21.463 75.333 117.5 17.03
24.154 79.023 119.4 19.373
22.894 77.829 118.51 18.592
26.296 83.108 120.92 21.917
24.365 86.778 119.55 23.985
28.538 73.259 122.5 16.203
28.021 92.026 122.14 27.306
25.328 84.206 120.23 22.513
24.434 76.865 119.6 18.108
27.304 80.497 121.63 20.426
22.707 80.41 118.38 20.113