4
26.075 77.184 120.76 20.488
28.668 80.331 122.59 25.761
20.482 82.939 116.81 38.635
26.724 77.807 121.22 21.419
25.638 88.412 120.45 47.269
22.385 71.618 118.15 10.43
24.133 89.44 119.39 50.926
25.685 81.267 120.48 30.417
32.157 72.32 125.06 4.0391
30.539 86.443 123.92 38.601
22.3 67.087 118.09 -0.16372
31.07 84.808 124.29 34.318
26.451 92.423 121.03 56.039
24.874 79.074 119.91 25.924
26.429 83.245 121.01 34.46
24.59 83.292 119.71 36.083
24.752 77.928 119.82 23.328
27.979 85.753 122.11 39.086
27.818 79.461 121.99 24.413
27.834 85.982 122 39.743
26.343 75.486 120.95 16.272
22.585 79.159 118.29 28.008
26.434 79.208 121.01 24.955
28.26 77.586 122.31 19.636
25.978 80.949 120.69 29.428
27.069 73.377 121.46 10.713
26.454 72.206 121.03 8.4642
24.393 72.145 119.57 10.016
25.588 76.119 120.42 18.385
23.425 83.591 118.89 37.746
26.777 81.147 121.26 29.238
22.706 85.338 118.38 42.448
22.862 84.06 118.49 39.313
23.381 76.691 118.86 21.545
19.111 69.985 115.84 9.2796
27.877 81.582 122.03 29.356
25.65 78.518 120.46 23.977
23.49 85.606 118.93 42.434
27.741 77.558 121.94 19.999
21.577 86.496 117.58 46.103
24.796 81.219 119.86 31.037
24.517 82.172 119.66 33.507
25.638 76.604 120.45 19.483
25.626 75.034 120.44 15.8
23.27 78.22 118.78 25.236
24.94 80.081 119.96 28.239
24.67 72.244 119.77 10.021
26.255 81.202 120.89 29.794
27.187 77.099 121.55 19.375
27.219 83.299 121.57 33.936
23.273 84.209 118.78 39.326
25.155 70.252 120.11 4.9344
22.572 75.015 118.28 18.269
22.773 77.478 118.43 23.898
24.986 68.294 119.99 0.46514
28.065 68.053 122.17 -2.635
23.461 70.431 118.91 6.749
25.743 85.024 120.53 39.211
24.549 88.185 119.68 47.631
27.235 77.803 121.58 20.991
22.822 76.565 118.46 21.709
25.065 80.956 120.05 30.196
26.105 84.785 120.78 38.349
27.201 85.672 121.56 39.536
28.088 94.566 122.18 59.732
25.172 82.543 120.12 33.842
22.017 72.439 117.89 12.664
23.515 91.306 118.95 55.825
22.877 73.753 118.5 15.049
29.701 78.687 123.32 21.042
23.769 84.098 119.13 38.657
26.496 81.66 121.06 30.675
24.615 80.162 119.73 28.698
26.777 80.919 121.26 28.701
23.47 72.275 118.92 11.08
22.195 71.918 118.02 11.291
22.155 69.866 117.99 6.4953
25.976 84.416 120.69 37.587
24.645 75.168 119.75 16.922
24.608 70.79 119.72 6.6519
27.839 83.896 122.01 34.83
25.583 78.972 120.41 25.101
25.396 73.426 120.28 12.206
28.175 83.096 122.25 32.672
23.391 81.48 118.86 32.807
26.393 83.312 120.99 34.648
26.67 77.665 121.18 21.131
24.513 77.917 119.66 23.5
25.431 77.97 120.31 22.869
22.668 79.689 118.35 29.187
22.704 81.505 118.38 33.43
25.21 88.641 120.15 48.16
26.445 77.526 121.02 20.99
30.171 79.319 123.66 22.141
23.666 78.416 119.06 25.37
25.375 86.221 120.26 42.331
24.835 77.847 119.88 23.07
21.134 82.891 117.27 37.984
24.122 75.739 119.38 18.695
21.411 73.757 117.46 16.265
26.681 90.262 121.19 50.763
23.224 83.582 118.74 37.892
25.2 83.051 120.14 35.014
23.911 79.49 119.23 27.696
25.607 77.187 120.43 20.881
23.799 85.506 119.15 41.945
25.98 86.368 120.69 42.178
26.479 71.584 121.05 6.9798
28.424 75.727 122.42 15.127
24.612 77.892 119.73 23.36
20.723 85.573 116.98 44.635
23.321 81.193 118.81 32.188
27.709 88.149 121.92 44.947
22.856 75.929 118.48 20.185
26.922 83.44 121.36 34.513
25.248 76.895 120.18 20.488
27.873 71.693 122.03 6.0885
21.078 79.638 117.23 30.377
24.605 80.005 119.72 28.338
22.584 74.834 118.29 17.833
30.816 80.051 124.11 23.332
26.65 76.775 121.17 19.053
27.758 84.083 121.95 35.339
22.884 73.534 118.5 14.526
24.063 82.607 119.34 34.905
24.455 78.212 119.61 24.242
27.197 79.871 121.55 25.889
24.444 75.166 119.61 17.083
26.403 76.353 120.99 18.264
20.896 74.451 117.1 18.321
24.292 74.867 119.5 16.505
23.353 75.506 118.84 18.78
21.846 75.087 117.77 19.034
26.016 72.611 120.72 9.7773
25.564 71.213 120.4 6.8584
25.067 63.775 120.05 -10.234
22.333 81.502 118.11 33.729
27.255 76.063 121.59 16.879
25.7 81.499 120.5 30.95
24.402 77.653 119.58 22.968
25.046 84.376 120.03 38.26
24.476 81.709 119.63 32.454
21.5 85.938 117.52 44.853
24.429 80.952 119.6 30.71
23.337 81.969 118.82 34.002
23.042 77.053 118.62 22.677
22.687 74.091 118.36 15.999
23.933 70.507 119.25 6.5406
20.995 70.872 117.17 9.8176
26.928 90.113 121.36 50.21
26.04 73.774 120.74 12.494
24.96 82.641 119.97 34.246
24.93 80.32 119.95 28.81
23.404 82.784 118.87 35.865
27.037 79.856 121.44 25.984
24.734 78.444 119.81 24.559
23.571 82.559 118.99 35.198
27.703 79.706 121.91 25.083
24.55 81.031 119.68 30.796
23.822 86.773 119.17 44.908
24.412 82.923 119.58 35.362
23.304 76.062 118.8 20.128
22.76 77.445 118.42 23.831
30.052 89.887 123.57 47.107
28.311 72.383 122.34 7.3523
25.615 81.961 120.43 32.109
22.486 86.78 118.22 46.024
23.269 79.194 118.78 27.527
24.647 80.856 119.75 30.306
26.583 85.811 121.12 40.372
22.336 90.659 118.12 55.274
20.34 82.633 116.71 38.031
22.102 75.611 117.95 20.058
25.667 80.363 120.47 28.305
25.783 76.827 120.55 19.89
25.903 80.508 120.64 28.452
24.739 67.196 119.82 -1.9144
25.367 74.955 120.26 15.826
24.048 82.433 119.33 34.508
26.724 83.346 121.22 34.454
22.277 71.723 118.07 10.764
25.91 83.116 120.64 34.583
23.303 80.195 118.8 29.855
24.33 85.095 119.53 40.54
26.106 81.592 120.78 30.836
27.078 76.141 121.47 17.21
22.765 74.223 118.42 16.245
27.521 74.831 121.78 13.762
26.32 81.9 120.93 31.384
24.864 84.326 119.9 38.292
24.61 77.594 119.72 22.661
24.565 78.101 119.69 23.889
24.394 76.846 119.57 21.077
25.046 68.589 120.03 1.1114
25.103 73.488 120.07 12.592
26.652 78.662 121.17 23.493
28.054 83.225 122.16 33.076
25.934 76.081 120.66 18.01
24.581 73.481 119.7 13.005
26.25 74.877 120.88 14.917
25.366 84.323 120.26 37.871
22.94 80.411 118.54 30.663
26.898 81.695 121.34 30.426
25.614 84.362 120.43 37.759
25.27 84.591 120.19 38.58
26.03 77.264 120.73 20.715
25.523 71.309 120.37 7.1191
23.117 71.483 118.67 9.5092
24.675 84.518 119.77 38.9
24.708 82.3 119.79 33.653
23.936 72.227 119.25 10.584
28.364 79.527 122.38 24.119
23.249 78.791 118.76 26.598
24.032 80.129 119.32 29.101
23.576 78.97 118.99 26.749
22.652 74.508 118.34 17.009
24.616 85.542 119.73 41.357
24.452 77.128 119.61 21.694
28.06 76.597 122.16 17.473
24.502 69.56 119.65 3.8435
22.872 72.307 118.49 11.65
28.207 95.927 122.27 62.838
27.469 78.131 121.75 21.571
24.541 87.479 119.68 45.977
21.988 75.788 117.87 20.568
24.111 84.866 119.37 40.181
24.688 76.756 119.78 20.623
25.552 76.582 120.39 19.502
24.478 81.581 119.63 32.151
25.887 81.273 120.63 30.264
25.784 84 120.55 36.767
22.499 76.127 118.23 20.946
23.104 81.953 118.66 34.157
23.518 75.623 118.95 18.92
23.984 83.777 119.28 37.724
24.359 83.126 119.55 35.884
25.025 81.555 120.02 31.638
18.942 71.478 115.72 12.932
24.086 70.969 119.35 7.5017
27.485 78.124 121.76 21.539
22.867 79.579 118.49 28.764
26.867 72.948 121.32 9.8698
25.701 83.017 120.5 34.523
24.942 88.35 119.96 47.697
25.365 77.738 120.26 22.378
21.87 77.681 117.79 25.119
24.831 74.568 119.88 15.358
28.208 81.3 122.27 28.419
25.197 75.516 120.14 17.287
25.083 85.413 120.06 40.67
23.532 83.267 118.96 36.897
24.938 81.18 119.96 30.828
25.465 78.766 120.33 24.714
25.853 88.899 120.6 48.239
24.254 68.414 119.47 1.3506
24.527 81.594 119.67 32.14
29.047 85.513 122.86 37.642
20.483 77.978 116.81 26.959
29.459 89.101 123.15 45.747
25.675 76.269 120.48 18.666
27 81.316 121.41 29.45
21.672 85.428 117.65 43.512
23.82 74.757 119.17 16.633
24.444 86.27 119.61 43.211
25.845 71.241 120.6 6.6946
21.66 77.141 117.64 24.021
25.943 87.893 120.67 45.796
22.574 81.648 118.28 33.875
25.132 80.039 120.09 27.983
26.305 81.992 120.92 31.613
25.654 75.617 120.46 17.148
27.165 73.306 121.53 10.466
27.012 70.163 121.42 3.1963
23.698 82.493 119.08 34.939
25.514 70.274 120.36 4.69
23.111 81.105 118.66 32.154
22.356 69.268 118.13 4.9223
26.85 83.536 121.31 34.799
25 81.43 120 31.364
24.89 80.807 119.92 29.989
26.822 78.929 121.29 23.981
26.189 87.123 120.84 43.783
25.7 84.735 120.5 38.566
27.501 74.828 121.77 13.773
26.86 78.222 121.31 22.287
25.48 82.397 120.34 33.246
23.619 77.34 119.02 22.876
23.697 84.933 119.08 40.679
27.384 74.649 121.69 13.446
21.776 81.114 117.72 33.273
24.951 83.74 119.97 36.841
21.102 79.845 117.24 30.843
27.041 82.305 121.44 31.745
26.723 73.812 121.22 12.021
25.002 88.647 120 48.346
24.858 79.202 119.9 26.238
20.027 70.935 116.48 10.761
26.162 75.439 120.82 16.31
20.615 70.295 116.9 8.773
20.361 72.823 116.72 14.93
25.16 83.256 120.11 35.529
23.103 77.335 118.66 23.291
25.823 81.402 120.58 30.621
26.354 84.877 120.96 38.361
26.715 77.391 121.21 20.449
23.618 83.244 119.02 36.771
25.899 79.484 120.64 26.046
25.201 78.56 120.14 24.446
26.652 82.542 121.17 32.622
26.072 79.632 120.76 26.252
26.796 77.889 121.27 21.556
24.736 88.703 119.81 48.695
24.706 80.105 119.79 28.488
27.016 81.121 121.43 28.979
20.753 75.777 117 21.558
23.991 71.861 119.29 9.6787
22.459 85.233 118.2 42.405
24.235 74.615 119.46 15.959
26.297 81.239 120.92 29.847
26.651 81.119 121.17 29.275
22.97 84.949 118.56 41.317
24.058 78.214 119.33 24.573
25.274 75.885 120.19 18.091
24.416 76.77 119.59 20.879
25.604 81.015 120.43 29.891
25.8 79.409 120.57 25.952
23.14 71.424 118.68 9.3495
24.646 85.196 119.75 40.517
20.736 75.379 116.98 20.636
27.291 94.251 121.62 59.649
23.742 79.293 119.11 27.372
22.592 77.474 118.3 24.038
24.492 80.191 119.64 28.868
22.143 79.721 117.98 29.695
24.958 82.824 119.97 34.681
23.879 93.089 119.21 59.722
29.356 72.082 123.08 5.7831
27.277 75.879 121.61 16.428
20.006 73.949 116.47 17.871
25.883 82.042 120.62 32.078
22.204 76.65 118.02 22.418
24.49 82.667 119.64 34.696
25.329 72.939 120.23 11.115
26.495 86.749 121.06 42.65
24.454 81.104 119.61 31.046
28.153 83.29 122.23 33.148
24.038 73.128 119.32 12.621
25.655 77.234 120.46 20.951
26.329 81.518 120.94 30.478
25.17 76.108 120.12 18.701
26.762 85.119 121.25 38.596
25.646 77.022 120.46 20.46
23.432 75.118 118.89 17.803
21.389 80.622 117.45 32.436
28.717 77.205 122.63 18.363
23.791 84.434 119.15 39.43
25.207 72.237 120.15 9.5634
26.126 76.756 120.8 19.44
25.227 90.685 120.16 52.955
23.191 74.682 118.72 16.976
24.065 77.108 119.34 21.965
24.75 81.319 119.82 31.308
27.958 83.329 122.09 33.4
23.278 94.356 118.78 63.199
26.569 88.058 121.11 45.669
25.617 77.674 120.44 22.019
24.532 83.218 119.67 35.958
22.886 86.329 118.51 44.632
24.432 79.46 119.6 27.197
24.827 67.297 119.88 -1.7487
22.061 76.935 117.92 23.207
25.384 73.442 120.27 12.252
23.355 82.216 118.84 34.568
24.812 79.342 119.87 26.608
25.672 85.787 120.48 41.064
23.191 73.823 118.72 14.954
24.423 85.705 119.59 41.9
25.7 74.311 120.5 14.038
21.328 86.026 117.4 45.201
27.072 81.97 121.47 30.929
29.849 88.624 123.43 44.303
26.919 73.543 121.36 11.227
24.368 84.171 119.55 38.334
25.857 77.341 120.61 21.037
22.928 70.969 118.53 8.4542
28.756 88.435 122.66 44.758
26.881 83.075 121.33 33.688
26.575 79.966 121.11 26.625
23.248 80.31 118.76 30.171
25.64 77.804 120.45 22.307
23.883 72.367 119.21 10.957
24.377 68.715 119.56 1.9578
23.86 70.512 119.19 6.6112
22.949 76.535 118.55 21.534
23.183 82.584 118.71 35.576
24.58 79.245 119.7 26.568
21.602 78.999 117.6 28.441
26.215 78.246 120.86 22.872
24.764 81.507 119.83 31.74
26.398 84.93 120.99 38.449
25.539 76.397 120.38 19.079
25.989 73.909 120.7 12.853
22.034 81.342 117.9 33.598
22.959 75.632 118.56 19.402
24.106 68.047 119.37 0.60954
25.219 81.39 120.16 31.091
27.257 84.236 121.6 36.111
24.42 83.364 119.59 36.393
27.523 83.188 121.78 33.425
25.951 80.063 120.67 27.366
27.348 81.815 121.66 30.339
25.254 90.184 120.18 51.754
23.686 79.584 119.07 28.101
22.037 76.692 117.9 22.654
25.311 87.388 120.22 45.128
26.637 86.832 121.16 42.728
24.415 88.583 119.59 48.678
23.918 84.476 119.24 39.422
24.383 82.594 119.56 34.612
22.807 86.127 118.45 44.222
24.014 78.645 119.3 25.624
24.639 78.309 119.74 24.318
25.092 75.86 120.06 18.182
24.872 88.947 119.91 49.159
26.223 92.815 120.86 57.148
25.219 85.395 120.15 40.515
28.628 78.75 122.57 22.074
25.624 74.06 120.44 13.51
28.609 77.119 122.55 18.25
23.554 79.575 118.98 28.189
26.053 73.843 120.74 12.645
24.479 71.681 119.63 8.8521
26.2 72.767 120.85 9.9913
26.188 82.931 120.84 33.92
20.628 67.214 116.91 1.5113
22.346 81.229 118.12 33.076
22.118 80.758 117.96 32.156
25.804 74.915 120.57 15.373
27.94 76.555 122.08 17.473
24.346 76.665 119.54 20.691
26.625 77.499 121.15 20.778
26.091 84.947 120.77 38.742
22.897 78.203 118.51 25.502
25.795 75.973 120.56 17.869
23.496 81.869 118.94 33.635
28.033 86.609 122.14 41.056
24.935 71 119.95 6.8757
28.272 87.892 122.31 43.878
24.15 74.224 119.4 15.108
26.179 70.484 120.83 4.6373
24.874 80.326 119.91 28.871
20.956 83.855 117.14 40.398
23.036 85.377 118.61 42.27
26.225 78.57 120.87 23.626
24.89 83.529 119.92 36.393
22.763 78.237 118.42 25.692
23.747 78.376 119.11 25.21
25.499 86.227 120.35 42.243
23.014 80.247 118.6 30.216
26.95 85.972 121.38 40.448
23.719 81.905 119.09 33.536
28.618 78.458 122.56 21.395
22.84 81.783 118.47 33.972
25.398 79.397 120.28 26.254
21.958 72.113 117.85 11.945
23.553 80.339 118.98 29.988
23.813 79.368 119.16 27.49
25.803 77.678 120.57 21.874
26.884 81.556 121.33 30.112
25.601 75.897 120.42 17.85
24.254 89.513 119.47 50.999
26.631 72.526 121.15 9.0705
26.598 72.795 121.13 9.7309
25.24 85.583 120.17 40.939
26.142 76.584 120.81 19.02
25.826 77.09 120.58 20.472
23.026 75.698 118.6 19.501
26.519 85.421 121.07 39.506
23.686 79.959 119.07 28.986
23.792 81.979 119.15 33.65
25.354 70.512 120.25 5.3826
24.385 70.433 119.57 5.9942
24.736 81.005 119.81 30.581
26.191 70.824 120.84 5.4285
27.094 90.921 121.48 51.976
24.604 81.466 119.72 31.776
25.655 87.117 120.46 44.207
24.523 70.552 119.66 6.1614
25.459 82.995 120.32 34.669
25.88 82.987 120.62 34.305
23.766 85.333 119.13 41.565
25.55 78.466 120.39 23.939
26.202 73.492 120.85 11.697
25.185 76.362 120.13 19.287
28.46 78.995 122.45 22.789
23.783 77.709 119.14 23.612
23.526 78.155 118.96 24.873
21.5 79.57 117.53 29.869
26.821 91.836 121.29 54.353
26.734 76.521 121.23 18.386
24.84 76.451 119.89 19.78
26.797 90.011 121.27 50.077
25.367 93.003 120.26 58.295
25.582 76.483 120.41 19.245
25.226 70.167 120.16 4.6771
25.88 83.016 120.62 34.373
25.203 76.442 120.14 19.461
30.575 82.386 123.94 29.026
22.667 78.314 118.35 25.954
21.291 79.821 117.38 30.631
22.719 72.061 118.39 11.196
22.813 80.139 118.45 30.126
24.133 77.397 119.39 22.59
24.663 72.09 119.76 9.6647
24.563 79.044 119.69 26.11
26.083 75.106 120.77 15.594
25.779 95.272 120.55 63.295
26.502 81.012 121.06 29.145
28.557 81.266 122.51 28.052
27.446 80.027 121.73 26.051
22.433 78.105 118.19 25.653
20.342 83.995 116.71 41.235
26.804 73.697 121.28 11.684
21.329 74.175 117.4 17.314
25.134 85.331 120.09 40.434
25.071 82.478 120.05 33.773
29.454 81.224 123.15 27.214
24.862 86.964 119.9 44.5
23.985 78.974 119.28 26.42
25.472 85.168 120.33 39.772
25.492 80.229 120.35 28.135
25.14 89.371 120.1 49.937
23.783 83.698 119.14 37.705
22.555 82.163 118.27 35.103
25.633 75.869 120.45 17.759
22.314 76.369 118.1 21.666
22.936 80.967 118.54 31.975
27.662 82.833 121.88 32.476
24.162 72.168 119.41 10.261
24.719 81.298 119.8 31.285
26.8 82.737 121.27 32.96
24.4 70.521 119.58 6.1899
27.059 75.047 121.46 14.652
24.31 87.248 119.51 45.624
27.026 78.185 121.43 22.062
26.259 74.75 120.89 14.61
24.574 77.915 119.7 23.443
23.269 85.621 118.78 42.651
22.914 81.185 118.52 32.505
24.46 68.036 119.62 0.29329
24.124 76.698 119.38 20.951
24.183 71.323 119.42 8.2556
26.967 77.808 121.39 21.223
24.405 69.83 119.58 4.558
27.287 84.619 121.62 36.985
23.937 84.811 119.25 40.195
26.945 85.365 121.38 39.024
23.955 84.672 119.26 39.854
25.353 86.643 120.25 43.34
26.941 76.738 121.37 18.725
24.172 76.941 119.41 21.484
24.123 72.36 119.38 10.743
29.007 71.787 122.83 5.3765
26.902 76.091 121.34 17.236
24.136 72.745 119.39 11.639
26.298 80.927 120.92 29.112
24.28 77.692 119.49 23.161
26.412 82.972 121 33.831
27.832 76.564 122 17.584
21.791 80.161 117.73 31.02
27.058 82.044 121.46 31.116
27.916 72.937 122.06 8.9811
25.095 69.868 120.07 4.0814
28.493 69.62 122.47 0.70104
25.311 76.752 120.22 20.101
22.526 79.198 118.25 28.149
20.613 80.464 116.9 32.702
24.333 74.498 119.53 15.602
26.427 78.506 121.01 23.31
25.635 68.518 120.45 0.45849
25.827 89.675 120.58 50.086
23.846 75.332 119.18 17.967
25.288 82.092 120.2 32.686
21.723 70.031 117.68 7.2397
23.48 76.681 118.93 21.44
23.362 84.168 118.84 39.155
26.039 74.223 120.74 13.55
24.972 82.577 119.98 34.088
22.689 72.707 118.37 12.741
24.981 83.354 119.99 35.907
23.62 81.875 119.02 33.547
23.667 78.691 119.06 26.018
26.728 90.187 121.22 50.548
25.227 71.764 120.16 8.4336
25.797 83.184 120.56 34.836
26.768 90.137 121.25 50.398
25.361 81.795 120.25 31.927
26.102 84.23 120.78 37.047
26.366 79.718 120.97 26.212
27.341 85.751 121.66 39.607
25.952 71.141 120.67 6.3713
27.824 75.532 122 15.161
25.045 74.358 120.03 14.687
24.904 74.001 119.93 13.963
28.403 94.138 122.41 58.467
23.981 88.482 119.28 48.798
24.994 76.777 120 20.421
26.84 83.215 121.3 34.052
25.3 71.557 120.21 7.8858
27.81 77.737 121.99 20.362
27.068 79.515 121.46 25.157
25.583 81.879 120.41 31.941
23.445 85.478 118.9 42.17
26.133 83.774 120.8 35.947
22.235 78.515 118.04 26.78
25.489 86.701 120.35 43.365
26.617 79.852 121.14 26.321
25.426 83.616 120.3 36.159
26.759 91.45 121.24 53.495
29.078 75.959 122.88 15.136
26.848 79.466 121.31 25.222
25.534 75.177 120.38 16.213
26.283 72.491 120.91 9.2739
25.851 85.57 120.6 40.407
22.371 76.287 118.14 21.428
24.167 70.741 119.41 6.899
27.449 75.903 121.73 16.345
24.913 85.077 119.94 40.019
26.165 83.943 120.82 36.32
22.987 79.579 118.58 28.666
25.129 71.828 120.09 8.6639
26.201 77.896 120.85 22.061
22.277 73.638 118.07 15.271
25.695 87.304 120.49 44.614
24.636 76.376 119.74 19.772
23.121 83.483 118.67 37.743
24.925 88.772 119.95 48.704
21.207 85.052 117.32 43.01
20.744 81.103 116.99 34.098
22.646 72.122 118.34 11.4
23.019 91.086 118.6 55.716
22.654 71.96 118.34 11.011
21.549 74.709 117.56 18.389
25.576 80.203 120.41 28.004
21.812 82.286 117.75 36.002
25.22 81.531 120.16 31.421
26.574 76.614 121.11 18.737
24.996 74.829 120 15.837
25.186 72.29 120.13 9.7034
24.244 77.641 119.47 23.071
22.035 77.021 117.9 23.431
24.912 79.227 119.94 26.252
26.922 78.98 121.36 24.019
28.476 84.354 122.46 35.384
24.14 78.84 119.39 25.978
21.745 75.324 117.7 19.676
25.333 78.728 120.24 24.732
25.753 88.896 120.53 48.314
24.546 80.111 119.68 28.635
22.702 84.366 118.38 40.164
29.049 80.049 122.86 24.783
20.281 73.996 116.66 17.756
23.98 86.729 119.28 44.674
22.357 81.858 118.13 34.548
23.728 76.229 119.1 20.173
25.636 87.467 120.45 45.047
25.276 78.91 120.2 25.207
23.579 78.944 118.99 26.686
26.554 80.515 121.1 27.933
26.245 79.816 120.88 26.543
26.295 82.121 120.92 31.925
24.149 72.14 119.4 10.205
27.097 83.902 121.48 35.455
26.321 67.894 120.93 -1.5729
30.018 82.42 123.55 29.565
27.127 75.224 121.5 15.011
27.314 83.532 121.64 34.408
25.106 74.805 120.07 15.688
22.423 83.222 118.18 37.702
24.258 75.978 119.48 19.147
23.484 74.344 118.93 15.937
23.872 80.851 119.2 30.931
26.11 78.662 120.79 23.938
23.886 76.708 119.21 21.17
23.21 76.222 118.73 20.583
24.181 83.993 119.42 38.069
24.678 77.279 119.77 21.862
25.819 79.821 120.58 26.906
23.095 75.951 118.65 20.04
25.635 79.4 120.45 26.065
25.156 75.982 120.11 18.417
27.649 84.005 121.87 35.243
24.574 81.162 119.7 31.085
24.731 84.268 119.81 38.265
22.657 80.145 118.34 30.27
22.229 80.314 118.04 31.018
25.621 81.301 120.44 30.551
24.501 87.791 119.65 46.744
26.007 79.844 120.71 26.804
23.215 77.238 118.74 22.971
28.817 83.363 122.7 32.773
25.244 78.041 120.17 23.189
27.094 74.167 121.48 12.55
24.546 76.68 119.68 20.561
24.675 76.941 119.77 21.069
26.38 83.129 120.98 34.227
26.112 83.322 120.79 34.902
22.759 77.798 118.42 24.662
21.935 79.678 117.83 29.764
22.804 74.273 118.45 16.33
22.168 78.074 118 25.799
25.119 78.472 120.08 24.307
24.177 83.187 119.42 36.176
24.264 84.121 119.48 38.303
22.278 75.787 118.08 20.326
26.559 70.75 121.1 4.9516
25.879 80.755 120.62 29.053
24.821 85.984 119.87 42.229
27.042 86.812 121.44 42.349
23.252 82.385 118.76 35.051
25.829 85.571 120.59 40.426
25.697 75.51 120.49 16.86
25.699 73.818 120.49 12.879
23.542 81.657 118.97 33.099
25.654 79.526 120.46 26.347
23.97 73.323 119.27 13.137
23.207 82.771 118.73 35.997
22.593 85.969 118.3 44.025
27.076 82.393 121.47 31.922
23.308 80.61 118.8 30.827
24.654 80.472 119.76 29.396
22.583 75.115 118.29 18.495
24.406 79.809 119.58 28.04
18.536 81.213 115.43 36.173
22.826 72.975 118.46 13.259
22.147 83.529 117.98 38.652
22.971 85.513 118.57 42.641
24.573 79.338 119.7 26.794
24.349 79.078 119.54 26.365
28.889 89.068 122.75 46.137
23.856 81.89 119.19 33.39
24.5 82.06 119.65 33.259
21.861 77.653 117.78 25.059
24.045 75.282 119.32 17.683
22.324 76.317 118.11 21.535
25.061 82.2 120.04 33.128
26.706 76.085 121.21 17.383
25.809 80.244 120.57 27.91
23.599 75.475 119.01 18.505
21.739 71.402 117.69 10.451
27.92 89.93 122.06 48.962
29.1 86.568 122.9 40.081
25.241 79.049 120.17 25.563
23.02 84.971 118.6 41.327
27.396 81.629 121.69 29.863
23.815 81.861 119.16 33.354
24.06 81.761 119.34 32.917
26.773 82.456 121.25 32.321
22.23 78.683 118.04 27.181
21.086 77.986 117.23 26.482
25.841 76.662 120.59 19.453
25.801 86.524 120.57 42.692
25.19 78.546 120.13 24.423
25.993 80.28 120.7 27.84
27.164 75.505 121.53 15.641
26.941 81.133 121.37 29.069
23.863 87.227 119.2 45.941
26.62 75.029 121.15 14.97
25.346 83.921 120.25 36.94
23.989 71.884 119.29 9.7335
22.613 81.592 118.31 33.711
26.294 88.639 120.91 47.263
24.293 80.291 119.5 29.267
25.093 74.044 120.07 13.909
23.414 88.139 118.88 48.456
21.899 72.993 117.81 14.065
25.343 76.675 120.24 19.893
24.876 82.214 119.91 33.313
27.398 83.148 121.7 33.434
26.603 80.403 121.13 27.629
27.107 82.368 121.49 31.839
23.502 81.524 118.94 32.819
23.127 78.186 118.68 25.273
22.462 80.112 118.21 30.351
25.996 78.573 120.7 23.822
30.578 80.086 123.94 23.612
26.455 78.073 121.03 22.267
23.454 79.637 118.91 28.419
26.673 75.589 121.18 16.242
22.743 75.242 118.4 18.661
22.151 77.949 117.99 25.519
26.435 82.576 121.01 32.88
23.444 78.159 118.9 24.949
25.632 80.303 120.45 28.193
27.813 78.134 121.99 21.294
25.802 72.496 120.57 9.6814
26.859 77.792 121.31 21.275
21.788 75.316 117.73 19.621
26.323 88.094 120.94 45.956
29.277 87.461 123.02 42.036
26.082 83.19 120.77 34.615
21.918 84.813 117.82 41.861
24.594 80.223 119.71 28.859
24 76.544 119.29 20.69
25.766 84.843 120.54 38.766
25.824 76.887 120.58 19.997
25.811 76.349 120.57 18.741
24.272 82.455 119.49 34.375
23.801 76.378 119.15 20.464
23.821 73.995 119.17 14.841
26.707 76.764 121.21 18.981
21.294 74.835 117.38 18.897
24.585 72.667 119.71 11.086
25.541 76.414 120.38 19.116
23.694 82.086 119.08 33.982
25.954 91.727 120.67 54.809
24.857 76.877 119.9 20.769
23.123 82.172 118.67 34.656
25.323 89.411 120.23 49.879
24.464 79.65 119.62 27.617
24.18 77.618 119.42 23.07
23.577 80.38 118.99 30.064
25.123 81.142 120.09 30.585
21.308 73.879 117.39 16.637
24.203 80.192 119.44 29.108
23.913 76.377 119.23 20.369
23.176 73.387 118.71 13.94
26.305 81.268 120.92 29.911
23.531 83.938 118.96 38.474
26.081 83.647 120.76 35.691
26.952 80.985 121.38 28.711
24.686 83.495 119.78 36.482
25.556 85.885 120.39 41.391
26.279 79.908 120.9 26.731
24.838 78.216 119.89 23.935
26.082 84.239 120.76 37.084
22.475 78.694 118.21 27.005
27.221 90.82 121.57 51.633
23.021 72.276 118.6 11.455
21.342 70.411 117.41 8.4464
27.769 75.862 121.96 15.984
24.875 80.658 119.91 29.653
25.898 80.147 120.63 27.607
24.273 78.4 119.49 24.832
22.959 83.843 118.56 38.723
18.854 76.135 115.65 23.963
26.253 83.308 120.89 34.754
24.427 88.17 119.59 47.696
24.605 85.821 119.72 42.021
25.811 77.872 120.57 22.324
22.161 90.115 117.99 54.138
23.541 84.321 118.97 39.369
27.295 82.351 121.62 31.643
26.196 75.065 120.85 15.404
22.437 87.567 118.19 47.915
20.593 77.217 116.88 25.078
23.858 78.837 119.19 26.204
25.428 80.367 120.3 28.511
26.885 82.117 121.33 31.43
25.187 91.592 120.13 55.122
22.755 85.906 118.41 43.744
25.612 79.889 120.43 27.234
22.655 87.087 118.34 46.605
23.078 77.212 118.64 23.02
23.693 73.803 119.08 14.495
22.541 76.403 118.26 21.56
24.458 76.575 119.62 20.386
23.2 78.452 118.73 25.839
24.429 79.357 119.6 26.958
24.075 83.831 119.35 37.775
24.18 75.927 119.42 19.09
23.993 84.694 119.29 39.874
27.467 79.641 121.74 25.126
26.221 83.27 120.86 34.69
25.118 89.613 120.08 50.523
22.066 79.239 117.93 28.625
21.748 80.98 117.7 32.983
21.07 74.43 117.22 18.126
30.21 83.811 123.68 32.679
26.945 76.874 121.38 19.044
25.514 79.365 120.36 26.083
23.052 75.349 118.62 18.659
22.707 79.323 118.38 28.295
26.095 75.97 120.77 17.616
28.13 86.019 122.21 39.587
21.613 79.677 117.61 30.028
24.101 72.885 119.36 11.998
24.831 69.734 119.88 3.9822
21.016 70.189 117.18 8.1918
26.682 75.989 121.19 17.178
24.171 79.528 119.41 27.571
28.824 83.904 122.7 34.039
24.218 73.322 119.45 12.929
25.818 71.093 120.58 6.3687
22.715 76.268 118.38 21.099
23.75 70.494 119.12 6.6599
22.663 77.586 118.35 24.243
25.785 74.384 120.56 14.138
27.604 83.613 121.84 34.358
23.813 76.086 119.16 19.767
25.873 80.781 120.62 29.12
23.991 74.482 119.29 15.845
25.204 89.117 120.14 49.286
27.393 81.643 121.69 29.896
25.241 78.681 120.17 24.699
22.926 72.07 118.53 11.047
23.286 80.91 118.79 31.553
24.66 74.143 119.76 14.498
24.617 73.741 119.73 13.587
23.268 75.459 118.78 18.739
25.361 76.724 120.26 19.994
27.533 78.034 121.79 21.289
24.498 88.378 119.64 48.127
24.591 83.163 119.71 35.78
20.597 84.846 116.89 43.026
23.451 65.305 118.9 -5.3043
22.213 77.169 118.03 23.633
24.228 78.835 119.45 25.895
26.051 78.848 120.74 24.424
28.047 90.089 122.15 49.234
28.597 79.11 122.54 22.946
24.766 75.673 119.83 18.01
24.36 81.332 119.55 31.661
26.635 74.348 121.16 13.355
25.98 88.946 120.69 48.243
26.531 86.013 121.08 40.889
26.557 92.889 121.1 57.048
22.039 81.4 117.91 33.73
26.081 81.603 120.76 30.883
24.817 86.344 119.87 43.08
23.479 79.943 118.92 29.116
23.613 79.205 119.02 27.272
27.563 76.377 121.81 17.364
23.381 75.167 118.85 17.961
22.526 78.571 118.25 26.673
25.429 83.654 120.3 36.245
29.022 87.095 122.84 41.385
25.051 76.622 120.04 20.01
25.617 77.853 120.44 22.439
23.124 74.468 118.67 16.527
28.348 75.187 122.37 13.918
25.25 81.644 120.18 31.664
26.06 78.979 120.75 24.726
23.096 85.99 118.65 43.662
26.708 78.614 121.21 23.332
25.778 84.931 120.55 38.962
22.688 76.185 118.37 20.926
25.079 82.386 120.06 33.55
24.099 85.943 119.36 42.726
25.218 79.145 120.15 25.807
24.499 80.881 119.65 30.485
24.62 66.128 119.73 -4.3304
22.934 76.517 118.54 21.505
24.353 80.715 119.54 30.216
26.533 81.34 121.08 29.891
28.489 90.382 122.47 49.558
22.679 80.609 118.36 31.344
29.755 82.369 123.36 29.661
28.052 84.239 122.16 35.463
25.337 73.452 120.24 12.314
24.398 77.268 119.57 22.067
23.603 81.882 119.01 33.578
26.666 79.622 121.18 25.741
23.611 66.867 119.02 -1.7601
24.076 83.295 119.35 36.515
26.767 73.773 121.25 11.893
25.872 73.875 120.62 12.869
26.793 83.108 121.27 33.838
26.009 79.242 120.71 25.386
24.198 75.549 119.43 18.187
23.972 71.278 119.27 8.3225
26.593 77.563 121.13 20.954
23.658 67.963 119.05 0.78161
27.373 83.03 121.68 33.177
26.581 80.399 121.12 27.638
25.575 73.503 120.41 12.239
25.006 78.978 120 25.589
25.731 95.627 120.52 64.17
32.053 84.687 124.99 33.223
24.775 81.958 119.84 32.792
21.887 86.81 117.8 46.587
28.83 83.922 122.71 34.076
26.22 80.66 120.86 28.55
23.704 79.729 119.08 28.428
30.235 84.276 123.7 33.754
26.102 86.115 120.78 41.483
25.588 81.857 120.42 31.886
23.444 85.313 118.9 41.782
22.87 78.367 118.49 25.909
21.463 82.53 117.5 36.864
24.154 76.876 119.4 21.345
22.894 83.379 118.51 37.685
26.296 74.542 120.92 14.09
24.365 77.321 119.55 22.219
28.538 79.139 122.5 23.063
28.021 90.883 122.14 51.122
25.328 74.902 120.23 15.733
24.434 73.273 119.6 12.635
27.304 82.537 121.63 32.074
