4
26.075 41.211 100.76 32.457
28.668 41.165 102.59 29.234
20.482 37.341 96.806 27.169
26.724 40.19 101.22 28.539
25.638 40.894 100.45 32
22.385 37.914 98.151 26.677
24.133 38.503 99.387 26.415
25.685 40.896 100.48 31.947
32.157 43.155 105.06 31.225
30.539 43.131 103.92 33.073
22.3 38.298 98.091 27.961
31.07 43.304 104.29 32.977
26.451 38.161 101.03 22.609
24.874 40.403 99.911 31.391
26.429 42.568 101.01 36.218
24.59 40.834 99.71 33.058
24.752 40.787 99.824 32.72
27.979 41.25 102.11 30.314
27.818 41.59 101.99 31.554
27.834 41.661 102 31.755
26.343 40.768 100.95 30.772
22.585 37.962 98.292 26.587
26.434 40.365 101.01 29.421
28.26 41.455 102.31 30.614
25.978 40.008 100.69 28.864
27.069 41.872 101.46 33.311
26.454 43.265 101.03 38.338
24.393 38.373 99.571 25.707
25.588 40.422 100.42 30.603
23.425 37.77 98.887 24.998
26.777 42.191 101.26 34.643
22.706 40.263 98.378 33.535
22.862 37.269 98.488 24.12
23.381 41.134 98.855 35.418
19.111 35.971 95.836 24.575
27.877 41.665 102.03 31.716
25.65 41.424 100.46 33.617
23.49 39.392 98.932 29.92
27.741 43.666 101.94 38.045
21.577 41.041 97.58 37.274
24.796 40.036 99.855 30.354
24.517 37.851 99.659 23.951
25.638 39.954 100.45 29.101
25.626 39.465 100.44 27.607
23.27 38.37 98.777 27.031
24.94 38.842 99.958 26.503
24.67 39.913 99.767 30.124
26.255 42.734 100.89 36.937
27.187 40.377 101.55 28.567
27.219 40.829 101.57 29.92
23.273 40.303 98.779 32.985
25.155 41.29 100.11 33.793
22.572 39.271 98.283 30.638
22.773 39.913 98.425 32.375
24.986 40.864 99.99 32.679
28.065 41.151 102.17 29.907
23.461 39.659 98.912 30.778
25.743 40.072 100.53 29.341
24.549 38.875 99.681 27.067
27.235 41.752 101.58 32.747
22.822 38.978 98.46 29.438
25.065 39.845 100.05 29.446
26.105 40.844 100.78 31.29
27.201 42.088 101.56 33.823
28.088 41.937 102.18 32.303
25.172 40.28 100.12 30.66
22.017 38.788 97.891 29.808
23.515 39.309 98.95 29.633
22.877 38.164 98.499 26.862
29.701 43.137 103.32 34.087
23.769 40.793 99.129 33.907
26.496 40.214 101.06 28.883
24.615 41.735 99.728 35.806
26.777 40.712 101.26 30.085
23.47 38.991 98.918 28.708
22.195 37.7 98.017 26.242
22.155 37.785 97.988 26.552
25.976 39.535 100.69 27.408
24.645 40.177 99.749 30.965
24.608 41.401 99.723 34.784
27.839 41.947 102.01 32.629
25.583 41.146 100.41 32.839
25.396 41.54 100.28 34.276
28.175 39.088 102.25 23.419
23.391 39.028 98.862 28.915
26.393 41.05 100.99 31.581
26.67 41.552 101.18 32.801
24.513 38.451 99.655 25.806
25.431 39.21 100.31 27.052
22.668 39.625 98.351 31.613
22.704 38.735 98.377 28.829
25.21 40.658 100.15 31.779
26.445 39.762 101.02 27.55
30.171 40.952 103.66 26.793
23.666 40.094 99.057 31.875
25.375 41.381 100.26 33.81
24.835 41.55 99.883 34.972
21.134 36.535 97.266 23.911
24.122 38.224 99.379 25.569
21.411 36.731 97.462 24.188
26.681 40.799 101.19 30.466
23.224 38.496 98.744 27.475
25.2 41.414 100.14 34.121
23.911 38 99.23 25.13
25.607 38.561 100.43 24.844
23.799 39.605 99.151 30.208
25.98 41.683 100.69 34.023
26.479 39.937 101.05 28.048
28.424 40.446 102.42 27.31
24.612 39.657 99.725 29.402
20.723 36.225 96.976 23.444
23.321 39.178 98.813 29.46
27.709 42.183 101.92 33.511
22.856 39.146 98.484 29.913
26.922 39.052 101.36 24.795
25.248 39.587 100.18 28.433
27.873 41.135 102.03 30.085
21.078 39.853 97.227 34.203
24.605 40.717 99.72 32.68
22.584 38.735 98.292 28.97
30.816 44.217 104.11 36.092
26.65 39.78 101.17 27.363
27.758 41.031 101.95 29.902
22.884 40.354 98.504 33.606
24.063 41.034 99.337 34.299
24.455 40.458 99.615 32.059
27.197 41.589 101.55 32.289
24.444 39.136 99.607 27.997
26.403 41.446 100.99 32.792
20.896 37.12 97.098 25.997
24.292 40.221 99.5 31.521
23.353 39.458 98.835 30.286
21.846 39.562 97.77 32.396
26.016 40.082 100.72 29.047
25.564 40.918 100.4 32.16
25.067 40.827 100.05 32.468
22.333 37.768 98.114 26.288
27.255 41.284 101.59 31.279
25.7 41.947 100.5 35.171
24.402 39.813 99.577 30.135
25.046 39.714 100.03 29.065
24.476 40.195 99.629 31.222
21.5 37.975 97.525 27.914
24.429 40.157 99.596 31.164
23.337 39.034 98.824 28.997
23.042 39.002 98.615 29.251
22.687 39.304 98.365 30.603
23.933 40.829 99.245 33.822
20.995 38.449 97.168 29.977
26.928 42.613 101.36 35.762
26.04 38.492 100.74 24.116
24.96 39.531 99.972 28.601
24.93 40.201 99.951 30.703
23.404 38.367 98.871 26.861
27.037 39.743 101.44 26.788
24.734 40.484 99.812 31.808
23.571 39.898 98.99 31.383
27.703 41.641 101.91 31.848
24.55 40.171 99.682 31.06
23.822 38.54 99.167 26.9
24.412 39.209 99.585 28.258
23.304 39.045 98.801 29.072
22.76 38.192 98.416 27.088
30.052 42.858 103.57 32.809
28.311 44.021 102.34 38.461
25.615 39.825 100.43 28.731
22.486 39.39 98.222 31.107
23.269 38.1 98.776 26.2
24.647 41.163 99.75 34.004
26.583 39.822 101.12 27.573
22.336 38.877 98.116 29.701
20.34 37.052 96.705 26.446
22.102 39.063 97.951 30.553
25.667 40.345 100.47 30.271
25.783 40.347 100.55 30.141
25.903 43.401 100.64 39.409
24.739 39.24 99.816 27.966
25.367 40.137 100.26 29.985
24.048 42.207 99.327 37.933
26.724 39.715 101.22 27.075
22.277 39.191 98.074 30.742
25.91 39.379 100.64 27.004
23.303 40.182 98.8 32.577
24.33 39.993 99.526 30.773
26.106 41.205 100.78 32.401
27.078 40.76 101.47 29.875
22.765 39.128 98.419 29.965
27.521 42.733 101.78 35.43
26.32 38.385 100.93 23.454
24.864 38.299 99.904 24.918
24.61 40.22 99.724 31.143
24.565 39.128 99.692 27.828
24.394 39.401 99.571 28.872
25.046 38.526 100.03 25.402
25.103 39.146 100.07 27.247
26.652 40.422 101.17 29.338
28.054 40.801 102.16 28.843
25.934 39.6 100.66 27.659
24.581 39.368 99.703 28.551
26.25 39.683 100.88 27.537
25.366 41.525 100.26 34.266
22.94 37.982 98.544 26.225
26.898 42.767 101.34 36.274
25.614 39.933 100.43 29.063
25.27 38.683 100.19 25.621
26.03 39.897 100.73 28.457
25.523 41.196 100.37 33.065
23.117 40.114 98.669 32.589
24.675 39.998 99.77 30.379
24.708 40.141 99.793 30.783
23.936 40.101 99.248 31.575
28.364 40.223 102.38 26.692
23.249 38.543 98.762 27.588
24.032 37.686 99.316 24.017
23.576 38.839 98.993 28.112
22.652 39.775 98.339 32.096
24.616 40.525 99.728 32.075
24.452 42.014 99.612 36.858
28.06 41.697 102.16 31.596
24.502 37.594 99.648 23.177
22.872 40.625 98.495 34.455
28.207 42.886 102.27 35.086
27.469 40.652 101.75 29.077
24.541 39.993 99.675 30.524
21.988 39.273 97.87 31.337
24.111 39.94 99.371 30.871
24.688 40.54 99.779 32.036
25.552 40.163 100.39 29.848
24.478 39.7 99.631 29.696
25.887 40.532 100.63 30.585
25.784 39.602 100.55 27.843
22.499 40.172 98.231 33.501
23.104 39.058 98.659 29.349
23.518 39.945 98.952 31.592
23.984 38.637 99.282 27.006
24.359 38.604 99.547 26.459
25.025 39.922 100.02 29.728
18.942 36.718 95.716 27.079
24.086 40.738 99.354 33.36
27.485 41.849 101.76 32.747
22.867 39.474 98.491 30.912
26.867 39.489 101.32 26.207
25.701 39.383 100.5 27.265
24.942 40.173 99.959 30.602
25.365 39.835 100.26 29.057
21.87 39.725 97.787 32.87
24.831 41.257 99.88 34.074
28.208 41.023 102.27 29.344
25.197 40.973 100.14 32.767
25.083 41.437 100.06 34.33
23.532 39.587 98.962 30.47
24.938 41.593 99.956 34.982
25.465 41.295 100.33 33.439
25.853 40.64 100.6 30.961
24.254 40.504 99.473 32.439
24.527 39.958 99.666 30.432
29.047 41.609 102.86 30.152
20.483 38.1 96.806 29.508
29.459 42.266 103.15 31.688
25.675 39.973 100.48 29.115
27 42.771 101.41 36.166
21.672 38.557 97.647 29.505
23.82 42.14 99.166 37.998
24.444 39.426 99.607 28.891
25.845 40.987 100.6 32.038
21.66 39.912 97.638 33.697
25.943 43.201 100.67 38.746
22.574 39.091 98.285 30.078
25.132 39.276 100.09 27.611
26.305 41.456 100.92 32.937
25.654 39.007 100.46 26.163
27.165 40.809 101.53 29.921
27.012 41.278 101.42 31.549
23.698 40.839 99.079 34.131
25.514 41.694 100.36 34.611
23.111 39.028 98.664 29.247
22.356 39.602 98.131 31.913
26.85 40.604 101.31 29.664
25 40.661 100 32.038
24.89 41.86 99.922 35.864
26.822 41.068 101.29 31.127
26.189 40.294 100.84 29.494
25.7 39.85 100.5 28.706
27.501 41.967 101.77 33.092
26.86 42.267 101.31 34.779
25.48 42.365 100.34 36.721
23.619 39.364 99.024 29.678
23.697 39.511 99.079 30.042
27.384 40.559 101.69 28.893
21.776 40 97.721 33.829
24.951 39.9 99.965 29.75
21.102 37.578 97.244 27.163
27.041 43.205 101.44 37.454
26.723 41.672 101.22 33.106
25.002 40.718 100 32.209
24.858 38.924 99.9 26.851
20.027 37.948 96.484 29.58
26.162 41.101 100.82 32.014
20.615 36.715 96.899 25.083
20.361 37.455 96.72 27.664
25.16 39.675 100.11 28.808
23.103 39.579 98.659 30.956
25.823 39.405 100.58 27.187
26.354 41.766 100.96 33.835
26.715 42.643 101.21 36.108
23.618 39.005 99.023 28.575
25.899 40.441 100.64 30.291
25.201 40.607 100.14 31.633
26.652 42.029 101.17 34.293
26.072 41.058 100.76 31.988
26.796 41.295 101.27 31.859
24.736 39.385 99.813 28.419
24.706 39.621 99.792 29.182
27.016 41.621 101.43 32.603
20.753 39.559 96.997 33.685
23.991 40.064 99.286 31.395
22.459 37.523 98.203 25.384
24.235 40.05 99.459 31.064
26.297 40.557 100.92 30.175
26.651 40.582 101.17 29.832
22.97 38.766 98.565 28.607
24.058 38.649 99.334 26.955
25.274 39.816 100.19 29.108
24.416 38.924 99.587 27.376
25.604 39.937 100.43 29.089
25.8 40.517 100.57 30.644
23.14 39.244 98.685 29.88
24.646 39.608 99.75 29.21
20.736 37.715 96.985 28.022
27.291 41.179 101.62 30.914
23.742 39.829 99.11 30.968
22.592 40.078 98.297 33.099
24.492 40.366 99.641 31.732
22.143 38.285 97.98 28.106
24.958 40.577 99.971 31.828
23.879 39.194 99.207 28.847
29.356 40.397 103.08 26.051
27.277 38.791 101.61 23.57
20.006 35.79 96.469 22.953
25.883 40.204 100.62 29.581
22.204 37.982 98.023 27.102
24.49 39.025 99.639 27.6
25.329 40.205 100.23 30.242
26.495 40.089 101.06 28.498
24.454 39.096 99.614 27.864
28.153 42.186 102.23 32.994
24.038 40.301 99.32 32.071
25.655 42.764 100.46 37.742
26.329 40.967 100.94 31.402
25.17 40.144 100.12 30.24
26.762 40.307 101.25 28.853
25.646 40.128 100.46 29.627
23.432 39.165 98.891 29.29
21.389 36.439 97.447 23.312
28.717 41.601 102.63 30.521
23.791 40.145 99.145 31.883
25.207 39.533 100.15 28.314
26.126 41.057 100.8 31.922
25.227 41.105 100.16 33.136
23.191 40.172 98.721 32.68
24.065 40.309 99.339 32.064
24.75 37.615 99.823 22.946
27.958 40.915 102.09 29.306
23.278 40.041 98.783 32.17
26.569 41.179 101.11 31.771
25.617 40.313 100.44 30.233
24.532 40.203 99.669 31.181
22.886 40.073 98.505 32.736
24.432 39.87 99.598 30.273
24.827 39.155 99.877 27.6
22.061 38.35 97.922 28.406
25.384 39.984 100.27 29.495
23.355 40.074 98.837 32.183
24.812 40.318 99.867 31.204
25.672 40.884 100.48 31.925
23.191 39.243 98.721 29.816
24.423 39.349 99.592 28.68
25.7 40.411 100.5 30.436
21.328 38.381 97.404 29.37
27.072 39.638 101.47 26.423
29.849 42.603 103.43 32.266
26.919 41.887 101.36 33.537
24.368 39.574 99.553 29.437
25.857 42.001 100.61 35.15
22.928 39.525 98.535 30.995
28.756 41.458 102.66 30.032
26.881 40.787 101.33 30.191
26.575 40.512 101.11 29.709
23.248 39.365 98.761 30.124
25.64 41.075 100.45 32.552
23.883 39.15 99.21 28.705
24.377 40.147 99.56 31.193
23.86 41.185 99.194 35.007
22.949 39.906 98.549 32.146
23.183 39.917 98.715 31.901
24.58 38.975 99.703 27.34
21.602 37.767 97.597 27.152
26.215 40.85 100.86 31.177
24.764 39.782 99.833 29.606
26.398 39.074 100.99 25.486
25.539 38.755 100.38 25.523
25.989 41.52 100.7 33.512
22.034 37.759 97.903 26.615
22.959 41.058 98.557 35.684
24.106 37.331 99.368 22.835
25.219 40.558 100.16 31.461
27.257 41.129 101.6 30.8
24.42 38.954 99.59 27.464
27.523 41.666 101.78 32.138
25.951 39.682 100.67 27.889
27.348 42.034 101.66 33.48
25.254 40.194 100.18 30.296
23.686 37.704 99.071 24.483
22.037 36.094 97.905 21.479
25.311 39.872 100.22 29.235
26.637 41.964 101.16 34.11
24.415 39.889 99.586 30.352
23.918 39.513 99.235 29.785
24.383 40.379 99.564 31.902
22.807 37.51 98.449 24.93
24.014 40.932 99.303 34.045
24.639 38.925 99.744 27.117
25.092 40.084 100.06 30.149
24.872 39.573 99.91 28.834
26.223 40.761 100.86 30.893
25.219 38.165 100.15 24.084
28.628 43.338 102.57 35.98
25.624 40.858 100.44 31.903
28.609 43.814 102.55 37.471
23.554 40.694 98.977 33.855
26.053 40.538 100.74 30.408
24.479 38.801 99.632 26.922
26.2 38.861 100.85 25.065
26.188 40.611 100.84 30.472
20.628 38.033 96.908 29.13
22.346 39.719 98.123 32.285
22.118 37.608 97.962 26.05
25.804 41.197 100.57 32.734
27.94 41.542 102.08 31.26
24.346 38.899 99.538 27.384
26.625 41.586 101.15 32.961
26.091 40.811 100.77 31.205
22.897 38.713 98.513 28.532
25.795 42.275 100.56 36.067
23.496 39.857 98.937 31.346
28.033 41.406 102.14 30.732
24.935 40.245 99.954 30.832
28.272 41.723 102.31 31.425
24.15 39.749 99.399 30.234
26.179 41.043 100.83 31.815
24.874 39.334 99.911 28.095
20.956 37.181 97.141 26.114
23.036 39.379 98.611 30.417
26.225 42.498 100.87 36.243
24.89 39.638 99.922 29.016
22.763 37.869 98.418 26.088
23.747 39.135 99.114 28.822
25.499 39.766 100.35 28.685
23.014 38.68 98.596 28.289
26.95 41.45 101.38 32.155
23.719 39.229 99.094 29.146
28.618 41.215 102.56 29.447
22.84 38.476 98.473 27.869
25.398 38.877 100.28 26.065
21.958 37.619 97.849 26.275
23.553 37.863 98.977 25.133
23.813 38.891 99.161 27.99
25.803 39.316 100.57 26.939
26.884 40.235 101.33 28.487
25.601 39.999 100.42 29.283
24.254 38.426 99.472 26.036
26.631 40.796 101.15 30.517
26.598 41.139 101.13 31.614
25.24 39.157 100.17 27.116
26.142 41.685 100.81 33.837
25.826 38.827 100.58 25.403
23.026 38.621 98.604 28.095
26.519 39.275 101.07 25.961
23.686 38.998 99.071 28.473
23.792 38.072 99.146 25.492
25.354 39.602 100.25 28.353
24.385 38.952 99.565 27.5
24.736 38.683 99.814 26.254
26.191 38.53 100.84 24.057
27.094 41.612 101.48 32.482
24.604 41.802 99.72 36.025
25.655 42.551 100.46 37.084
24.523 39.27 99.663 28.315
25.459 40.184 100.32 30.021
25.88 39.974 100.62 28.876
23.766 39.459 99.128 29.798
25.55 39.356 100.39 27.363
26.202 38.682 100.85 24.509
25.185 40.056 100.13 29.953
28.46 40.505 102.45 27.447
23.783 37.489 99.139 23.706
23.526 41.637 98.958 36.797
21.5 38.017 97.525 28.043
26.821 41.314 101.29 31.889
26.734 42.06 101.23 34.289
24.84 38.235 99.887 24.751
26.797 41.312 101.27 31.909
25.367 40.685 100.26 31.676
25.582 40.374 100.41 30.462
25.226 40.271 100.16 30.566
25.88 39.912 100.62 28.684
25.203 40.825 100.14 32.301
30.575 41.937 103.94 29.351
22.667 38.037 98.35 26.72
21.291 38.871 97.378 30.924
22.719 40.546 98.387 34.392
22.813 38.52 98.454 28.036
24.133 39.061 99.387 28.137
24.663 40.24 99.762 31.139
24.563 40.854 99.691 33.151
26.083 41.509 100.77 33.366
25.779 40.659 100.55 31.108
26.502 40.117 101.06 28.576
28.557 42.408 102.51 33.198
27.446 41.144 101.73 30.621
22.433 40.094 98.185 33.337
20.342 36.263 96.706 24.013
26.804 41.043 101.28 31.073
21.329 39.454 97.404 32.677
25.134 39.572 100.09 28.522
25.071 39.411 100.05 28.099
29.454 41.294 103.15 28.697
24.862 39.652 99.902 29.092
23.985 39.292 99.283 29.023
25.472 40.373 100.33 30.588
25.492 39.362 100.35 27.451
25.14 40.153 100.1 30.304
23.783 38.788 99.139 27.708
22.555 38.409 98.271 27.999
25.633 39.478 100.45 27.64
22.314 38.375 98.101 28.18
22.936 42.538 98.54 40.273
27.662 44.739 101.88 41.444
24.162 40.728 99.408 33.239
24.719 40.647 99.802 32.327
26.8 39.622 101.27 26.697
24.4 39.115 99.576 27.986
27.059 40.41 101.46 28.819
24.31 40.19 99.512 31.406
27.026 41.496 101.43 32.205
26.259 40.738 100.89 30.779
24.574 39.447 99.699 28.801
23.269 38.208 98.776 26.534
22.914 38.962 98.525 29.279
24.46 40.869 99.618 33.32
24.124 39.989 99.38 31.007
24.183 39.772 99.422 30.269
26.967 41.641 101.39 32.722
24.405 40.287 99.579 31.59
27.287 39.527 101.62 25.826
23.937 39.487 99.248 29.682
26.945 40.547 101.38 29.375
23.955 37.444 99.261 23.361
25.353 38.848 100.25 26.03
26.941 40.651 101.37 29.7
24.172 40.411 99.415 32.251
24.123 39.332 99.38 28.983
29.007 42.266 102.83 32.225
26.902 40.053 101.34 27.905
24.136 37.411 99.389 23.045
26.298 40.743 100.92 30.748
24.28 38.689 99.491 26.814
26.412 41.878 101 34.113
27.832 43.151 102 36.349
21.791 38.024 97.731 27.72
27.058 42.222 101.46 34.404
27.916 42.412 102.06 33.97
25.095 38.632 100.07 25.672
28.493 41.713 102.47 31.132
25.311 40.417 100.22 30.915
22.526 39.286 98.25 30.737
20.613 38.483 96.898 30.535
24.333 40.341 99.528 31.843
26.427 41.392 101.01 32.596
25.635 40.005 100.45 29.261
25.827 40.793 100.58 31.461
23.846 37.17 99.184 22.648
25.288 38.976 100.2 26.501
21.723 39.563 97.683 32.546
23.48 38.579 98.925 27.426
23.362 39.509 98.842 30.431
26.039 42.028 100.74 35.016
24.972 39.097 99.98 27.25
22.689 37.885 98.366 26.226
24.981 39.498 99.987 28.475
23.62 39.751 99.024 30.872
23.667 39.129 99.057 28.897
26.728 39.886 101.22 27.597
25.227 38.54 100.16 25.232
25.797 40.028 100.56 29.14
26.768 40.663 101.25 29.943
25.361 39.645 100.25 28.478
26.102 40.289 100.78 29.582
26.366 39.588 100.97 27.107
27.341 41.72 101.66 32.521
25.952 38.301 100.67 23.634
27.824 41.557 102 31.444
25.045 40.692 100.03 32.078
24.904 39.103 99.932 27.35
28.403 41.644 102.41 31.027
23.981 39.782 99.279 30.539
24.994 39.383 99.996 28.104
26.84 40.906 101.3 30.608
25.3 40.562 100.21 31.376
27.81 40.468 101.99 28.105
27.068 41.869 101.46 33.305
25.583 41.386 100.41 33.58
23.445 39.543 98.9 30.44
26.133 40.582 100.8 30.447
22.235 37.453 98.045 25.433
25.489 40.739 100.35 31.698
26.617 39.593 101.14 26.824
25.426 41.804 100.3 35.054
26.759 41.406 101.24 32.245
29.078 42.304 102.88 32.258
26.848 40.53 101.31 29.44
25.534 38.091 100.38 23.481
26.283 39.446 100.91 26.768
25.851 40.791 100.6 31.427
22.371 41.098 98.141 36.506
24.167 40.324 99.411 31.987
27.449 41.534 101.73 31.821
24.913 39.414 99.938 28.299
26.165 40.705 100.82 30.789
22.987 39.956 98.577 32.254
25.129 39.811 100.09 29.263
26.201 42.492 100.85 36.255
22.277 37.418 98.075 25.276
25.695 39.971 100.49 29.086
24.636 39.871 99.743 30.033
23.121 37.107 98.671 23.313
24.925 40.528 99.947 31.716
21.207 38.181 97.318 28.899
20.744 37.953 96.991 28.744
22.646 39.618 98.336 31.617
23.019 40.053 98.599 32.516
22.654 39.629 98.341 31.643
21.549 37.806 97.56 27.335
25.576 40.242 100.41 30.06
21.812 38.759 97.745 29.962
25.22 38.853 100.16 26.204
26.574 39.751 101.11 27.363
24.996 39.571 99.997 28.682
25.186 40.171 100.13 30.305
24.244 41.413 99.465 35.253
22.035 39.315 97.903 31.409
24.912 39.514 99.938 28.605
26.922 40.332 101.36 28.74
28.476 43.272 102.46 35.957
24.14 42.303 99.392 38.121
21.745 38.54 97.699 29.365
25.333 39.687 100.24 28.642
25.753 38.964 100.53 25.912
24.546 40.748 99.679 32.845
22.702 39.141 98.375 30.081
29.049 43.19 102.86 35.023
20.281 36.732 96.663 25.531
23.98 39.731 99.279 30.381
22.357 38.024 98.131 27.05
23.728 40.639 99.1 33.48
25.636 39.767 100.45 28.526
25.276 40.051 100.2 29.828
23.579 38.941 98.995 28.425
26.554 41.771 101.1 33.613
26.245 41.051 100.88 31.761
26.295 39.643 100.92 27.363
24.149 38.942 99.398 27.749
27.097 40.003 101.48 27.518
26.321 41.166 100.93 32.026
30.018 42.841 103.55 32.797
27.127 39.428 101.5 25.711
27.314 39.25 101.64 24.941
25.106 40.013 100.07 29.913
22.423 39.409 98.178 31.238
24.258 39.798 99.475 30.258
23.484 37.698 98.928 24.706
23.872 37.884 99.202 24.818
26.11 41.422 100.79 33.065
23.886 39.298 99.213 29.158
23.21 38.719 98.734 28.177
24.181 40.907 99.421 33.767
24.678 39.043 99.772 27.431
25.819 40.545 100.58 30.707
23.095 39.465 98.653 30.614
25.635 41.137 100.45 32.751
25.156 39.224 100.11 27.422
27.649 41.682 101.87 32.038
24.574 42.535 99.699 38.321
24.731 38.353 99.81 25.242
22.657 39.263 98.343 30.509
22.229 38.385 98.041 28.312
25.621 39.483 100.44 27.67
24.501 38.919 99.647 27.259
26.007 41.002 100.71 31.891
23.215 41.423 98.738 36.506
28.817 41.115 102.7 28.903
25.244 40.663 100.17 31.754
27.094 40.488 101.48 29.017
24.546 41.75 99.679 35.932
24.675 40.382 99.77 31.564
26.38 40.552 100.98 30.063
26.112 41.176 100.79 32.304
22.759 38.874 98.416 29.191
21.935 39.575 97.832 32.329
22.804 38.717 98.447 28.652
22.168 37.463 97.998 25.542
25.119 40.306 100.08 30.802
24.177 41.15 99.418 34.521
24.264 38.435 99.48 26.052
22.278 38.397 98.075 28.291
26.559 41.784 101.1 33.648
25.879 38.519 100.62 24.392
24.821 40.536 99.873 31.864
27.042 41.774 101.44 33.043
23.252 39.34 98.764 30.04
25.829 39.644 100.59 27.919
25.697 40.341 100.49 30.224
25.699 40.442 100.49 30.534
23.542 40.206 98.969 32.367
25.654 40.99 100.46 32.276
23.97 39.135 99.272 28.556
23.207 40.723 98.732 34.359
22.593 38.746 98.298 28.992
27.076 40.225 101.47 28.229
23.308 38.716 98.804 28.051
24.654 40.686 99.755 32.524
22.583 38.987 98.291 29.747
24.406 40.592 99.58 32.53
18.536 36.837 95.429 27.928
22.826 41.4 98.463 36.896
22.147 36.908 97.983 23.858
22.971 38.57 98.565 28.001
24.573 39.703 99.698 29.59
24.349 39.764 99.54 30.045
28.889 43.401 102.75 35.863
23.856 39.648 99.191 30.272
24.5 39.635 99.646 29.469
21.861 38.499 97.781 29.102
24.045 40.274 99.325 31.979
22.324 37.973 98.108 26.929
25.061 40.481 100.04 31.411
26.706 39.288 101.21 25.779
25.809 40.325 100.57 30.043
23.599 38.358 99.009 26.602
21.739 37.717 97.694 26.835
27.92 41.743 102.06 31.903
29.1 40.925 102.9 27.982
25.241 39.132 100.17 27.037
23.02 37.494 98.6 24.628
27.396 38.969 101.69 23.978
23.815 39.256 99.162 29.114
24.06 40.693 99.336 33.252
26.773 40.704 101.25 30.066
22.23 38.381 98.041 28.299
21.086 36.997 97.233 25.39
25.841 42.004 100.59 35.178
25.801 40.151 100.57 29.515
25.19 41.389 100.13 34.056
25.993 40.859 100.7 31.467
27.164 40.819 101.53 29.954
26.941 42.053 101.37 34.022
23.863 40.414 99.196 32.626
26.62 40.699 101.15 30.229
25.346 41.469 100.25 34.117
23.989 41.276 99.285 35.133
22.613 38.741 98.312 28.954
26.294 40.391 100.91 29.669
24.293 40.051 99.5 30.997
25.093 40.398 100.07 31.117
23.414 40.015 98.879 31.928
21.899 38.194 97.807 28.116
25.343 40.887 100.24 32.325
24.876 40.986 99.912 33.188
27.398 41.377 101.7 31.395
26.603 40.955 101.13 31.039
27.107 39.799 101.49 26.879
23.502 38.078 98.941 25.856
23.127 37.602 98.676 24.833
22.462 37.487 98.205 25.267
25.996 40.343 100.7 29.874
30.578 41.174 103.94 26.995
26.455 42.974 101.03 37.437
23.454 39.966 98.907 31.732
26.673 38.769 101.18 24.219
22.743 37.717 98.404 25.644
22.151 38.468 97.985 28.662
26.435 39.005 101.01 25.228
23.444 38.762 98.9 28.032
25.632 41.407 100.45 33.586
27.813 41.243 101.99 30.489
25.802 40.334 100.57 30.076
26.859 39.928 101.31 27.57
21.788 37.839 97.729 27.152
26.323 39.31 100.94 26.302
29.277 42.503 103.02 32.635
26.082 40.089 100.77 28.989
21.918 39.242 97.821 31.325
24.594 41.034 99.713 33.67
24 40.577 99.293 32.967
25.766 40.348 100.54 30.163
25.824 39.908 100.58 28.738
25.811 39.181 100.57 26.514
24.272 39.755 99.486 30.108
23.801 40.36 99.153 32.534
23.821 39.069 99.166 28.532
26.707 40.68 101.21 30.069
21.294 38.763 97.379 30.589
24.585 40.657 99.707 32.516
25.541 38.853 100.38 25.824
23.694 39.547 99.077 30.155
25.954 40.673 100.67 30.941
24.857 39.778 99.899 29.484
23.123 39.954 98.673 32.088
25.323 39.797 100.23 28.992
24.464 38.906 99.621 27.264
24.18 39.866 99.42 30.561
23.577 39.748 98.994 30.914
25.123 39.844 100.09 29.373
21.308 38.95 97.389 31.148
24.203 38.084 99.437 25.039
23.913 38.382 99.231 26.303
23.176 36.016 98.71 19.886
26.305 41.174 100.92 32.069
23.531 38.275 98.962 26.426
26.081 40.288 100.76 29.602
26.952 41.985 101.38 33.801
24.686 39.894 99.778 30.046
25.556 39.837 100.39 28.839
26.279 39.791 100.9 27.837
24.838 39.679 99.885 29.202
26.082 41.144 100.76 32.241
22.475 37.221 98.214 24.434
27.221 41.042 101.57 30.575
23.021 39.793 98.601 31.712
21.342 36.75 97.414 24.328
27.769 42.054 101.96 33.042
24.875 40.621 99.911 32.062
25.898 39.567 100.63 27.599
24.273 38.132 99.486 25.106
22.959 39.413 98.557 30.613
18.854 37.735 95.654 30.318
26.253 41.205 100.89 32.227
24.427 40.476 99.595 32.149
24.605 38.621 99.721 26.217
25.811 40.989 100.57 32.086
22.161 38.001 97.993 27.209
23.541 38.709 98.968 27.754
27.295 39.591 101.62 26.016
26.196 41.698 100.85 33.814
22.437 38.894 98.188 29.634
20.593 38.8 96.884 31.535
23.858 40.94 99.192 34.253
25.428 39.077 100.3 26.646
26.885 41.585 101.33 32.648
25.187 40.081 100.13 30.027
22.755 39.792 98.413 32.024
25.612 41.414 100.43 33.631
22.655 39.648 98.342 31.7
23.078 38.221 98.641 26.8
23.693 39.22 99.075 29.148
22.541 39.035 98.261 29.945
24.458 42.888 99.617 39.544
23.2 40.327 98.727 33.144
24.429 42.035 99.596 36.951
24.075 39.952 99.346 30.951
24.18 39.802 99.42 30.363
23.993 40.11 99.288 31.534
27.467 40.706 101.74 29.245
26.221 41.852 100.86 34.258
25.118 39.901 100.08 29.556
22.066 37.159 97.925 24.729
21.748 39.245 97.701 31.534
21.07 36.467 97.221 23.776
30.21 40.761 103.68 26.158
26.945 41.261 101.38 31.577
25.514 39.306 100.36 27.251
23.052 38.115 98.622 26.504
22.707 38.692 98.379 28.69
26.095 40.059 100.77 28.88
28.13 41.342 102.21 30.42
21.613 38.579 97.605 29.641
24.101 38.382 99.364 26.081
24.831 38.691 99.881 26.167
21.016 35.909 97.183 22.12
26.682 40.451 101.19 29.392
24.171 40.25 99.414 31.754
28.824 41.21 102.7 29.188
24.218 40.11 99.447 31.269
25.818 40.949 100.58 31.955
22.715 39.848 98.384 32.246
23.75 40.365 99.116 32.608
22.663 38.142 98.347 27.05
25.785 39.536 100.56 27.637
27.604 41.35 101.84 31.07
23.813 38.742 99.16 27.531
25.873 41.889 100.62 34.786
23.991 40.875 99.287 33.896
25.204 40.197 100.14 30.365
27.393 40.769 101.69 29.529
25.241 40.631 100.17 31.659
22.926 38.307 98.534 27.244
23.286 39.018 98.788 29.009
24.66 39.3 99.76 28.245
24.617 39.914 99.729 30.19
23.268 40.263 98.776 32.866
25.361 40.923 100.26 32.416
27.533 42.41 101.79 34.42
24.498 38.834 99.645 27.003
24.591 39.975 99.711 30.41
20.597 36.815 96.887 25.412
23.451 39.61 98.905 30.638
22.213 38.932 98.03 30.019
24.228 40.91 99.454 33.722
26.051 41.625 100.74 33.76
28.047 42.176 102.15 33.09
28.597 41.293 102.54 29.715
24.766 39.407 99.835 28.45
24.36 37.628 99.547 23.45
26.635 40.369 101.16 29.196
25.98 38.939 100.69 25.565
26.531 41.695 101.08 33.407
26.557 41.68 101.1 33.33
22.039 38.658 97.907 29.379
26.081 40.162 100.76 29.216
24.817 40.052 99.871 30.376
23.479 40.845 98.925 34.409
23.613 40.656 99.019 33.668
27.563 40.833 101.81 29.524
23.381 39.359 98.855 29.947
22.526 37.643 98.251 25.672
25.429 40.615 100.3 31.387
29.022 42.75 102.84 33.7
25.051 40.926 100.04 32.792
25.617 38.777 100.44 25.498
23.124 39.566 98.673 30.892
28.348 40.81 102.37 28.52
25.25 39.748 100.18 28.928
26.06 41.318 100.75 32.804
23.096 39.346 98.654 30.246
26.708 40.69 101.21 30.099
25.778 40.996 100.55 32.145
22.688 40.478 98.365 34.22
25.079 39.416 100.06 28.106
24.099 38.199 99.363 25.52
25.218 38.947 100.15 26.495
24.499 38.805 99.646 26.912
24.62 39.139 99.731 27.797
22.934 39.544 98.539 31.047
24.353 37.591 99.543 23.343
26.533 41.002 101.08 31.269
28.489 40.966 102.47 28.834
22.679 39.939 98.359 32.568
29.755 41.522 103.36 29.044
28.052 41.534 102.16 31.102
25.337 39.231 100.24 27.229
24.398 39.017 99.574 27.686
23.603 39.041 99.012 28.704
26.666 40.604 101.18 29.884
23.611 38.781 99.018 27.891
24.076 40.666 99.347 33.151
26.767 41.434 101.25 32.32
25.872 42.291 100.62 36.026
26.793 40.619 101.27 29.779
26.009 41.571 100.71 33.644
24.198 37.5 99.433 23.246
23.972 40.125 99.273 31.605
26.593 41.168 101.13 31.708
23.658 38.955 99.051 28.372
27.373 41.882 101.68 32.982
26.581 41.668 101.12 33.264
25.575 41.321 100.41 33.389
25.006 40.423 100 31.296
25.731 40.967 100.52 32.111
32.053 42.853 104.99 30.416
24.775 38.792 99.841 26.545
21.887 38.176 97.799 28.074
28.83 42.102 102.71 31.929
26.22 41.561 100.86 33.362
23.704 38.562 99.084 27.105
30.235 42.128 103.7 30.342
26.102 43.525 100.78 39.558
25.588 39.672 100.42 28.289
23.444 41.142 98.9 35.369
22.87 39.896 98.494 32.209
21.463 37.674 97.499 27.03
24.154 39.471 99.402 29.373
22.894 38.732 98.511 28.592
26.296 41.121 100.92 31.917
24.365 41.048 99.551 33.985
28.538 40.131 102.5 26.203
28.021 43.534 102.14 37.306
25.328 40.942 100.23 32.513
24.434 39.168 99.6 28.108
27.304 41.026 101.63 30.426
22.707 39.153 98.379 30.113