2
36.005 103.81
117.99 -43.254
-140.86 -13.907
56.529 -43.572
22.16 93.065
-80.705 -55.267
-25.423 -86.518
23.669 90.584
228.32 -16.299
177.15 69.676
-83.374 -8.5795
193.95 59.599
47.879 -250.9
-1.9879 81.031
47.204 233.06
-10.963 143.84
-5.8516 129.78
96.217 3.7741
91.115 49.861
91.631 56.79
44.469 40.575
-74.368 -61.002
47.362 -8.5703
105.11 10.893
32.92 -22.641
67.44 121.7
47.972 308.08
-17.191 -114.97
20.586 44.066
-47.792 -128.02
58.187 172.7
-70.547 184.42
-65.601 -152.15
-49.197 242.9
-184.21 -88.893
92.971 54.881
22.567 150.39
-45.746 46.106
88.665 281.51
-106.25 331.49
-4.4664 45.15
-13.27 -178.91
22.188 -9.9754
21.787 -62.898
-52.7 -53.795
0.099389 -93.533
-8.4279 38.561
41.7 260.78
71.144 -48.391
72.157 -0.70264
-52.622 157.76
6.8926 162.86
-74.788 83.16
-68.424 142.37
1.5668 125.38
98.932 -11.783
-46.678 76.965
25.488 -2.7593
-12.267 -68.581
72.668 99.559
-66.878 37.363
4.0591 9.5027
36.945 61.97
71.609 138.22
99.665 73.08
7.4348 51.314
-92.336 60.614
-44.947 35.593
-65.14 -54.864
150.66 116.24
-36.934 184.32
49.313 -28.49
-10.17 241.17
58.201 10.714
-46.373 3.2803
-86.687 -68.36
-87.959 -56.83
32.876 -74.382
-9.2182 68.764
-10.4 204.94
91.765 87.815
20.441 123.58
14.511 177
102.41 -243.77
-48.879 11.626
46.058 68.687
54.816 108.59
-13.414 -112.95
15.64 -80.182
-71.734 116.59
-70.603 17.203
8.6329 90.59
47.679 -75.216
165.52 -148.91
-40.178 113.37
13.848 160.72
-3.2174 208.78
-120.26 -137.89
-25.763 -116.46
-111.51 -131.49
55.15 25.456
-54.164 -37.447
8.3304 173.96
-32.439 -129.41
21.196 -160.86
-35.968 52.476
32.988 160.69
48.761 -57.927
110.27 -108.6
-10.277 13.637
-133.24 -149.31
-51.1 31.88
87.672 120.78
-65.809 53.827
62.776 -179.12
9.8456 -28.803
92.865 -3.0519
-122.02 228.62
-10.504 130.21
-74.391 23.718
185.92 173.5
54.191 -84.426
89.214 -8.118
-64.925 184.71
-27.638 194.57
-15.232 110
71.47 83.785
-15.574 -34.213
46.369 111.62
-127.77 -60.768
-20.379 92.927
-50.088 60.855
-97.742 154.77
34.127 -16.639
19.834 99.692
4.1175 116.89
-82.349 -68.444
73.309 47.143
24.147 204.98
-16.915 42.31
3.4477 -3.8076
-14.57 80.018
-108.69 -0.1773
-16.066 78.537
-50.58 15.218
-59.93 27.969
-71.137 80.45
-31.745 179.22
-124.66 79.453
62.983 210.59
34.891 -192.18
0.73333 -19.214
-0.19912 55.851
-48.48 -61.508
66.427 -109.75
-6.4254 97.59
-43.191 97.101
87.469 61.732
-12.216 73.299
-35.253 -65.379
-16.579 -24.526
-51.628 18.295
-68.843 -45.374
161.76 66.416
106.7 289.14
21.45 -22.818
-77.507 100.89
-52.737 -83.336
-9.165 176.74
52.054 -76.145
-82.243 52.832
-145.35 -37.819
-89.649 86.054
23.093 31.252
26.751 25.191
30.567 353.07
-6.2399 -39.021
13.618 24.869
-28.115 323.9
56.519 -95.593
-84.121 90.546
30.779 -87.909
-51.677 142.88
-19.18 65.871
36.961 101.45
67.718 -0.52306
-68.686 56.833
81.731 191.34
43.751 -219.21
-2.2922 -148.92
-10.347 75.508
-11.763 -41.731
-17.17 -2.4705
3.4575 -133.98
5.2439 -69.118
54.245 -14.256
98.574 -49.471
31.53 -64.908
-11.263 -16.216
41.541 -73.249
13.588 177
-63.128 -78.302
62.034 229.17
21.42 -11.01
10.549 -129.03
34.587 -37.761
18.533 132.38
-57.545 145.65
-8.2671 47.548
-7.2373 61.48
-31.647 99.319
108.39 -129.79
-53.386 -33.744
-28.599 -170.49
-43.031 -19.214
-72.264 133.96
-10.158 108.59
-15.334 280.61
98.77 48.3
-13.75 -206.24
-65.307 215.04
103.41 170.5
80.088 -33.795
-12.523 54.381
-93.258 115.35
-26.121 72.132
-7.8626 106.28
19.46 17.659
-14.517 25.741
30.044 39.66
26.786 -56.493
-77.1 185.85
-57.954 30.671
-44.872 105.18
-30.117 -63.665
-18.275 -87.794
2.7886 20.035
-189.58 2.2384
-26.904 160.88
80.579 96.42
-65.464 89.185
61.054 -128.26
24.156 -75.997
0.16551 52.133
13.539 -8.1038
-96.983 171.28
-3.3467 176.91
103.44 -33.585
8.2201 125.87
4.6167 182.86
-44.433 65.145
0.051169 207.83
16.695 146.39
28.967 53.464
-21.578 126.04
-12.955 51.291
129.99 -15.401
-140.83 69.214
143 34.021
23.349 -9.9353
65.249 224.03
-103.25 54.2
-35.317 329.08
-15.586 -2.4499
28.735 91.826
-103.63 203.33
31.829 328.98
-74.707 63.225
6.1862 -56.567
43.259 118.02
22.685 -114.58
70.472 0.027378
65.63 59.805
-39.167 193.16
18.258 187.44
-57.728 26.958
-81.597 131.18
60.491 -5.1726
2.0032 102.42
-1.4734 239.81
59.625 47.194
39.605 -2.908
24.149 -24.768
81.073 108.52
60.805 176.51
17.164 262.86
-41.662 35.904
-39.208 47.844
77.395 -39.281
-99.941 206.55
0.45289 21.734
-121.26 -21.887
66.542 269.3
56.5 118.74
2.0735 108.47
-2.4801 -80.156
-155.25 77.482
38.757 86.993
-136.66 -89.701
-144.68 5.2105
7.0555 -14.355
-57.987 87.802
28.025 -80.297
44.816 149.31
56.248 225.54
-41.713 -3.291
30.421 29.058
8.3646 85.501
54.245 161.83
35.91 87.197
58.787 73.516
-6.3445 -22.892
-7.3098 4.6373
65.737 97.217
-132.31 214.3
-29.913 92.252
-78.359 -102.14
-22.197 77.43
43.026 19.924
54.224 3.2847
-62.191 5.965
-27.793 -66.385
10.666 -5.1391
-16.459 -55.935
21.089 -9.9725
27.294 42.856
-56.816 49.076
-9.1837 6.3718
-132.85 13.232
74.439 33.718
-37.787 80.187
-74.138 170.37
-14.061 97.921
-88.356 -1.4374
0.68085 95.509
-33.46 3.0899
139.73 -165.02
74.003 -227.1
-155.92 -157.77
29.912 4.0345
-86.426 -37.91
-14.131 -48.896
12.398 34.458
49.291 -42.17
-15.269 -39.076
101.69 96.818
-28.417 115.69
22.714 296.92
44.041 63.143
7.3878 36.391
57.716 -32.872
22.442 8.6232
-47.594 24.446
-112.18 -162.38
119.55 1.852
-36.234 112.09
8.537 -32.522
37.618 84.154
9.1845 138.61
-55.22 147.97
-27.581 115.09
-5.8987 -217.56
95.538 -31.789
-52.443 128.73
51.627 73.253
21.519 30.539
-12.791 77.856
-64.849 153.77
-15.971 46.838
-3.4828 -53.105
-90.933 10.229
14.155 7.2423
-50.006 128.21
-3.9603 75.164
23.264 89.986
-55.215 46.173
-16.231 -9.6912
24.14 36.706
-114.11 53.695
67.521 -123.13
155.34 49.652
62.678 131.63
-17.971 17.923
29.108 202.26
-63.521 91.374
120.77 -16.002
61.495 13.158
51.796 -0.12782
-53.395 56.393
22.235 112.68
-33.31 -1.9904
-17.697 80.213
-34.051 222.27
-62.873 132.02
-55.474 120.38
-11.275 -59.263
-105.45 -28.559
40.428 56.585
-5.4502 18.972
46.219 -148
19.054 -135.89
33.261 142.43
-91.801 -53.084
-62.527 257.65
-26.27 -213.42
8.9354 79.162
73.388 30.095
-16.339 -52.849
81.787 74.321
32.069 -56.951
76.258 124.21
10.029 37.328
-39.541 -149.6
-91.692 -235.65
11.834 -1.0883
53.77 155.54
-16.505 49.839
-32.202 35.93
-17.52 105.33
-67.355 -122.67
-29.181 186.13
-9.431 -67.921
4.8992 34.138
-2.034 -9.8285
40.664 46.398
8.9139 -183.01
116.73 196.98
21.734 89.798
116.13 250.22
-43.734 185.17
35.302 31.27
-14.46 -72.874
39.956 -160.47
39.563 31.873
-136.26 53.956
-81.93 144.53
-89.138 -74.209
27.415 117.08
94.984 37.86
-18.67 -54.761
53.376 114.82
36.503 59.114
-64.511 4.2205
27.138 235.66
-45.554 96.721
97.897 17.956
-0.059687 60.393
105.47 39.574
-24.883 49.006
39.279 79.702
-1.9713 -36.114
-125.88 -57.358
-60.115 69.484
40.739 236.52
-1.4713 -3.6119
-68.755 -80.965
-37.616 3.8538
17.781 -23.015
-60.804 -5.8823
63.661 82.114
-38.522 15.743
116.4 -35.065
-66.297 -18.638
14.598 -114.87
-94.198 -64.192
-43.766 -124.8
-35.52 -26.537
27.383 -88.857
61.586 -47.443
21.004 -3.0375
-21.595 -101.51
53.576 27.898
52.526 67.305
9.6024 -75.514
38.129 152.04
28.108 -143.74
-60.421 -12.942
50.039 -132.62
-39.565 -7.7676
-36.195 -115.04
13.191 -32.966
-17.448 -51.148
-6.3371 -99.814
39.654 -196.18
68.208 91.924
-10.52 249.1
22.724 273.56
-13.072 -23.921
16.521 24.966
29.828 -21.01
-37.014 38.305
19.382 -70.64
40.017 -180.25
7.8381 26.01
111.4 -104.16
-36.489 -178.42
-44.616 290.07
-108.67 4.3968
59.584 74.265
56.839 160.65
-3.0529 -154.56
58.825 75.279
13.618 84.968
20.391 39.106
9.1433 47.289
29.825 -27.823
8.4297 109.21
178.29 -63.04
-71.786 -57.267
-115.28 109.41
-70.143 214.72
-67.149 -12.353
-25.424 -25.339
-8.655 74.698
-11.821 147.47
36.237 136.05
26.619 59.602
49.512 -39.478
114.47 99.029
79.353 21.349
-79.16 180.81
-145.3 -124.32
59.043 45.493
-114.1 171.24
6.2221 -24.216
4.2439 -38.445
142.86 -72.222
-2.3775 -0.53443
-30.086 8.0216
16.914 44.985
17.546 -66.76
6.43 39.043
-36.49 -36.166
-75.324 -10.421
22.017 -61.809
-82.931 -0.97544
-63.281 421.03
86.193 403.31
-24.494 155.63
-6.8747 116.24
58.91 -109.99
-16.981 -34.046
67.103 -37.828
-19.824 88.631
66.055 82.933
41.803 41.898
-11.472 -7.2814
-52.752 -71.442
-63.972 30.558
-15.081 154.78
-25.71 76.805
-23.847 49.821
64.205 102.05
-16.828 93.994
74.333 -147.05
-31.623 32.044
63.51 -16.639
-31.03 -192.83
13.168 -115.53
63.395 -5.0187
-24.182 120.41
-25.719 4.8718
128.71 58.776
62.146 -68.346
-25.322 -206.33
43.043 40.303
-20.773 -74.205
46.644 158.47
91.546 220.1
-99.478 -10.755
67.07 160.7
94.21 134.5
5.0024 -125.01
112.44 26.387
11.828 58.608
-76.242 87.262
-136.73 104.09
-19.087 103.87
47.128 104.33
22.075 -4.2339
28.159 71.554
-34.498 -216.81
11.107 -97.983
-101.64 161.63
-46.072 -42.398
-49.785 65.863
34.871 195.22
1.1044 -67.375
-71.082 -75.112
1.3976 -23.975
-41.627 78.299
-40.166 7.5534
56.654 -77.093
9.1733 -142.3
27.195 -10.551
57.907 5.7957
13.4 -28.625
36.839 1.3155
45.194 -89.98
76.036 90.193
32.096 -208.21
91.317 45.875
3.4299 103.29
-1.0275 -62.986
109.6 23.786
-30.237 61.951
1.8194 -37.328
60.178 28.527
11.475 75.148
90.856 -72.626
67.404 121.51
20.441 149.91
-47.186 65.165
37.841 31.669
-85.445 -97.597
17.462 84.213
53.13 -103.17
15.474 204.27
57.636 87.693
130.95 59.058
60.435 -13.095
18.881 -208.4
42.582 -100.96
28.91 70.03
-81.15 294.24
-24.336 111.08
79.456 63.96
-0.75651 -29.373
38.836 43.409
-61.657 135.39
6.0804 2.18
39.966 237.25
-84.11 -103.7
23.984 -11.206
-9.5008 35.739
-57.421 -184.06
-0.37381 91.938
-117.93 38.477
-132.59 38.79
-72.435 117.03
-60.647 144.31
-72.189 117.85
-107.13 -21.398
20.229 24.903
-98.825 68.681
8.9709 -107.67
51.778 -83.473
1.8592 -16.771
7.8887 38.51
-21.917 226.18
-91.773 117.3
-0.77133 -18.475
62.768 -38.891
111.94 198.06
-25.209 329.43
-100.92 48.303
12.521 -22.453
25.797 -124.74
-12.354 136.8
-70.664 61.71
130.03 157.71
-147.23 -69.6
-30.253 56.342
-81.587 -41.679
-38.232 169.65
22.103 -30.372
10.731 20.428
-42.951 -8.1187
51.142 138.9
41.364 76.948
42.944 -79.988
-24.919 -39.318
68.318 -84.527
43.787 85.413
160.67 66.423
69.259 -149.13
75.17 -178.86
5.3507 25.576
-79.485 106.34
-21.478 48.483
-45.927 -139.13
-33.669 -140
37.11 125
-33.214 14.062
-54.612 -12.332
-23.888 174.17
-8.1754 -57.252
27.889 44.847
-58.25 75.746
22.069 119.82
6.9344 -63.588
85.761 69.174
-11.482 331.07
-6.5052 -135.74
-72.083 77.512
-85.612 4.7974
21.638 -60.595
-13.779 -61.145
33.86 84.554
-54.457 283.64
122.7 -56.914
9.7305 89.262
68.22 -31.217
-12.352 246.52
-8.2775 89.661
45.643 14.91
37.149 97.917
-68.851 29.362
-94.936 151.25
-67.435 9.6436
-87.541 -92.879
5.7676 56.999
-24.01 200.99
-21.275 -101.09
-84.075 3.4201
51.304 140.09
29.791 -180.33
-3.6682 98.512
66.585 112.51
-53.275 53.365
28.228 -54.365
24.037 29.227
24.089 40.216
-44.122 132.43
22.671 102.69
-30.564 -8.3783
-54.696 207.43
-74.101 24.403
67.637 -59.002
-51.502 -18.047
-8.936 124.05
-74.442 51.356
-16.792 127.36
-202.41 37.506
-66.745 302.39
-88.216 -152.5
-62.16 -15.587
-11.488 20.769
-18.577 39.769
124.97 189.56
-34.162 54.026
-13.813 17.41
-97.252 37.478
-28.192 112.31
-82.621 -45.555
3.9163 79.385
55.954 -141.42
27.567 21.378
-42.311 -73.185
-101.12 -41.556
94.339 60.984
131.66 -93.198
9.6211 -78.334
-60.607 -136.08
77.754 -214.09
-35.483 13.388
-27.713 157.36
58.059 10.091
-85.609 4.3388
-121.76 -84.71
28.606 203.45
27.345 2.6876
8.0173 171.75
33.413 69.665
70.447 1.2097
63.377 148.57
-33.959 137.61
53.227 17.811
12.957 171.97
-29.973 225.12
-73.471 22.784
42.918 2.0069
-20.365 74.318
4.9368 68.534
-48.15 118.44
-96.063 1.9647
12.852 108.34
-1.93 144.87
77.833 49.478
52.704 46.812
68.617 -107.38
-45.363 -98.492
-57.218 -130.12
-78.264 -106.34
33.495 13.022
178.4 -146.84
48.016 276.06
-46.893 110.97
54.913 -196.48
-69.362 -96.501
-88.091 18.224
47.375 -157.62
-47.199 -20.397
21.985 149.52
90.957 12.081
27.369 22.644
60.797 -79.697
-99.56 -30.908
43.839 -118.04
137.25 69.948
36.225 -19.524
-95.454 115.78
-10.848 165.53
-29.621 147.99
26.225 26.192
28.059 -25.199
27.646 -104.07
-21.008 42.973
-35.901 135.09
-35.289 -7.361
55.983 11.034
-115.19 97.468
-11.111 124.63
19.1 -125.21
-39.285 51.888
32.183 51.463
-2.5107 13.443
-57.343 127.78
12.206 -9.8912
-14.961 -60.511
-23.923 60.226
-42.988 80.351
5.8862 6.1748
-114.76 117.17
-23.193 -136.3
-32.377 -87.764
-55.674 -306.56
43.28 87.133
-44.439 -78.579
36.193 2.2843
63.718 140.58
-7.9214 35.584
19.57 -18.24
42.447 -62.93
-3.1215 3.6668
36.208 96.06
-77.852 -136.13
72.229 22.539
-60.585 115.68
-113.67 -125.68
89.563 103.36
-1.9672 104.84
30.392 -66.623
-20.974 -134.82
-62.547 77.424
-192.35 118.47
41.609 93.434
-16.132 113.56
-10.481 -99.5
27.653 93.967
-87.767 -33.571
-44.134 -31.512
74.563 -140.41
39.812 150.54
-79.035 49.146
-137.35 139.89
-34.129 195.51
15.534 -94.573
61.601 100.46
7.9277 28.604
-68.981 130.13
21.363 151.35
-72.145 119.85
-58.777 -59.588
-39.346 16.129
-75.754 58.906
-15.137 375.99
-54.918 164.35
-16.068 284.21
-27.246 75.395
-23.917 53.195
-29.847 97.157
80.001 -27.786
40.599 166.03
5.7361 12.734
-90.778 -120.51
-100.82 125.36
-122.26 -141.87
166.77 -171.97
63.498 61.617
18.253 -74.161
-59.616 -69.789
-70.502 12.232
36.636 -23.544
100.98 5.6326
-105.1 59.763
-26.422 -98.017
-3.3311 -104.11
-123.98 -200.03
55.205 -12.729
-24.225 102.76
122.94 -46.884
-22.723 84.908
27.879 89.198
-70.254 138.5
-37.52 138.37
-71.917 -45.486
26.829 -63.853
84.336 35.332
-35.545 -42.845
29.599 189.15
-29.899 181.14
8.4579 40.424
77.658 -16.761
9.6074 85.959
-63.576 -41.916
-52.208 16.285
-8.7438 -28.114
-10.122 41.562
-52.759 153.58
13.426 111.34
82.102 155.31
-13.885 -70.208
-10.938 49.691
-137.24 -77.773
-46.985 72.137
-86.118 65.645
-22.428 171.99
35.241 150.43
98.34 101.59
115.75 -25.285
-5.3924 -22.145
-18.251 -194.74
53.704 -19.09
33 -139.91
50.399 131.88
51.223 128.82
-91.623 45.114
36.176 -11.44
-3.7894 45.67
-46.083 205.81
-41.867 177.77
83.047 -19.094
-49.212 48.429
-76.223 -92.774
15.578 73.903
129.17 111.01
3.6162 128.6
21.499 -137.73
-57.34 85.256
107.89 -64.63
9.9049 -11.247
35.527 116.33
-58.214 62.644
56.014 12.083
26.612 96.473
-71.112 209.02
4.5134 -38.299
-26.498 -117.91
8.9094 -97.315
-13.846 -73.447
-10.01 -43.532
-63.327 93.148
-18.447 -198.49
50.479 55.867
112.34 -55.23
-71.398 150.42
152.36 -63.666
98.518 30.864
12.657 -72.703
-17.05 -44.668
-42.187 1.4866
54.669 4.9565
-41.931 -27.507
-27.212 153.59
57.885 90.286
29.572 233.23
58.715 -0.35529
33.922 146.86
-23.355 -199.97
-30.499 99.93
52.367 70.711
-40.45 -11.005
77.051 106.2
52.008 126.16
20.197 143.23
2.204 75.986
25.124 95.853
225.05 -43.751
-5.1111 -89.973
-96.448 0.64714
123.12 50.481
40.57 134.19
-38.978 -56.612
167.53 -23.558
36.845 355.85
20.607 -38.194
-47.195 240.34
-65.352 135.26
-109.84 -31.146
-24.748 18.317
-64.604 6.4053
42.968 81.884
-18.089 179.59
113.88 -149.37
97.538 251.72
12.373 115.21
-15.884 -30.136
74.869 16.223
-70.512 62.79
