71.7 45.98
75.799 27.617
62.857 48.931
72.726 32.256
71.008 23.406
65.865 29.602
68.629 42.391
71.083 43.615
81.316 37.422
78.758 38.191
65.731 39.672
79.597 24.206
72.294 30.543
69.801 20.236
72.26 31.608
69.352 42.583
69.607 40.74
74.711 53.902
74.456 36.789
74.482 18.075
72.123 48.822
66.182 44.948
72.268 30.533
75.155 37.309
71.546 41.434
73.272 38.426
72.299 40.84
69.04 33.996
70.929 34.78
67.51 35.461
72.809 28.919
66.373 46.101
66.62 34.713
67.44 40.274
60.689 27.182
74.549 26.793
71.028 34.37
67.613 32.725
74.333 45.059
64.588 39.341
69.677 39.322
69.236 23.283
71.009 27.305
70.989 36.727
67.265 31.924
69.905 45.384
69.479 45.752
71.985 30.52
73.457 42.396
73.508 46.593
67.269 37.313
70.245 48.103
66.161 43.175
66.479 36.373
69.978 42.061
74.847 37.051
67.566 31.414
71.174 38.005
69.287 35.22
73.533 32.416
66.556 48.923
70.103 36.793
71.747 57.171
73.48 32.962
74.883 40.034
70.272 47.777
65.283 56.515
67.653 37.211
66.643 28.298
77.433 42.215
68.053 24.172
72.366 33.03
69.392 37.129
72.81 47.281
67.581 46.336
65.566 34.335
65.502 41.993
71.544 32.566
69.439 40.27
69.38 50.368
74.488 36.712
70.922 32.671
70.626 31.034
75.021 41.274
67.456 45.519
72.203 52.345
72.641 35.699
69.229 36.236
70.682 29.971
66.313 47.618
66.37 34.029
70.332 31.221
72.284 52.825
78.176 42.342
67.891 40.56
70.592 26.958
69.739 38.47
63.887 38.579
68.612 26.062
64.325 32.613
72.658 32.004
67.192 38.972
70.317 26.92
68.278 43.601
70.96 49.475
68.102 32.363
71.549 35.085
72.338 39.315
75.413 45.235
69.386 39.144
63.238 37.522
67.345 30.845
74.284 33.563
66.61 39.602
73.039 48.861
70.392 39.618
74.543 25.738
63.799 37.869
69.375 34.195
66.18 32.652
79.196 34.154
72.61 28.174
74.361 32.852
66.654 28.346
68.518 31.912
69.138 35.859
73.474 36.752
69.121 33.175
72.218 33.992
63.512 34.623
68.881 38.58
67.396 45.064
65.013 39.497
71.606 32.851
70.892 39.907
70.106 33.033
65.783 20.233
73.565 16.447
71.107 21.306
69.054 32.995
70.072 30.015
69.171 29.115
64.465 34.774
69.097 29.601
67.371 29.658
66.903 39.602
66.343 40.937
68.313 54.461
63.667 36.803
73.049 35.775
71.645 30.539
69.937 33.421
69.89 34.582
67.476 20.603
73.221 33.249
69.579 40.996
67.74 30.176
74.273 39.409
69.289 42.916
68.137 43.491
69.071 41.165
67.319 16.526
66.458 30.099
77.988 43.061
75.235 38.703
70.973 35.136
66.025 38.122
67.263 43.83
69.442 36.183
72.503 29.139
65.788 33.127
62.632 32.589
65.418 41.766
71.055 38.427
71.238 39.535
71.428 36.334
69.588 32.04
70.581 35.551
68.494 36.595
72.726 24.009
65.694 36.01
71.439 42.617
67.316 33.844
68.941 47.561
71.748 39.69
73.286 31.942
66.466 33.406
73.987 33.182
72.088 37.151
69.785 41.058
69.383 32.587
69.312 38.624
69.041 49.045
70.073 42.511
70.162 41.665
72.612 28.697
74.829 31.179
71.477 37.102
69.337 34.123
71.977 22.106
70.579 22.858
66.744 42.941
73.002 29.193
70.971 51.84
70.427 17.142
71.629 38.778
70.827 35.088
67.023 28.61
69.487 38.206
69.538 28.558
68.318 41.758
75.319 36.071
67.231 21.516
68.47 15.313
67.748 32.488
66.287 43.859
69.392 36.399
69.133 35.35
74.839 41.024
69.213 23.696
66.635 46.146
75.071 28.306
73.904 35.695
69.274 31.998
65.237 35.729
68.594 19.194
69.507 47.227
70.873 39.484
69.174 51.109
71.402 46.553
71.239 35.216
66.045 27.039
67.002 20.691
67.656 34.902
68.394 36.605
68.986 43.324
70.039 27.343
60.421 40.445
68.555 35.431
73.929 29.16
66.627 40.899
72.953 37.435
71.108 33.217
69.908 50.114
70.577 39.966
65.051 33.617
69.733 37.208
75.072 36.208
70.311 36.43
70.131 38.667
67.678 29.906
69.903 28.569
70.735 37.979
71.348 50.321
68.821 32.41
69.252 26.767
76.399 33.718
62.858 30.387
77.05 33.068
71.067 38.938
73.162 34.269
64.737 29.686
68.134 31.238
69.121 24.258
71.337 28.209
64.718 23.089
71.491 30.992
66.165 25.875
70.209 29.324
72.063 32.776
71.034 25.433
73.424 35.186
73.181 38.06
67.942 27.034
70.813 44.055
67.014 21.924
65.82 31.426
72.925 23.332
70 32.224
69.826 24.317
72.881 30.657
71.88 29.221
71.107 25.564
73.954 18.761
72.94 39.846
70.758 51.189
67.817 52.693
67.94 30.829
73.77 35.006
64.903 30.738
69.923 35.604
63.837 26.982
73.227 19.859
72.725 34.979
70.004 25.131
69.776 19.651
62.138 53.341
71.838 33.304
63.067 37.56
62.666 43.873
70.253 21.453
67.001 38.028
71.301 39.172
72.141 35.883
72.712 36.542
67.814 30.528
71.421 40.967
70.318 28.185
72.612 28.846
71.695 41.013
72.839 48.871
69.583 31.845
69.535 30.885
73.187 38.606
63.284 42.967
68.404 42.639
65.982 36.775
68.79 29.768
72.051 40.279
72.611 34.623
66.79 45.772
68.51 23.506
70.433 36.181
69.077 45.298
70.954 31.108
71.265 30.093
67.059 27.185
69.441 32.699
63.258 32.71
73.622 36.464
68.011 27.685
66.193 35.284
69.197 30.055
65.482 31.578
69.934 28.241
68.227 32.547
76.887 64.448
73.6 62.811
62.104 43.45
71.396 41.482
65.579 24.261
69.193 30.21
70.52 30.062
72.365 39.549
69.137 38.805
74.985 36.372
68.479 32.107
71.036 27.645
72.102 35.253
70.269 44.204
72.786 38.721
71.022 36.561
67.52 40.049
64.291 39.136
75.877 22.566
68.088 34.96
70.327 31.601
71.781 18.792
70.359 24.333
67.139 32.137
68.521 41.502
69.605 33.113
74.677 37.58
67.278 27.494
72.481 17.869
70.976 35.854
69.26 27.263
66.658 44.112
69.101 48.888
69.726 31.978
65.353 44.145
70.608 42.743
67.4 23.34
69.702 34.701
71.063 37.21
67.139 38.927
69.088 40.361
71.107 40.544
64.195 39.885
73.276 32.809
77.667 38.822
73.034 17.154
69.001 25.488
71.355 44.819
66.724 29.349
75.938 38.233
72.975 47.447
72.49 28.088
67.23 26.995
71.012 31.132
68.235 38.377
69.015 33.252
68.197 26.942
66.756 22.004
67.126 31.73
69.336 33.152
64.628 30.151
71.921 33.082
69.627 26.138
72.211 39.646
70.853 17.566
71.563 36.321
65.31 39.921
66.774 27.839
68.586 34.399
70.347 37.385
73.569 30.406
69.083 34.798
73.989 38.719
71.503 27.601
73.713 42.099
70.401 43.858
67.923 37.38
65.315 34.653
70.492 25.668
72.588 39.245
69.075 25.113
68.29 47.644
69.024 39.144
66.532 36.787
68.441 31.673
69.428 17.41
70.145 25.382
69.798 37.923
71.933 54.628
70.346 40.998
75.736 38.069
70.987 30.732
75.706 36.556
67.713 42.524
71.665 33.12
69.177 50.158
71.898 25.359
71.878 32.157
63.087 34.731
65.804 18.839
65.443 39.099
71.271 35.754
74.649 36.115
68.967 41.299
72.569 43.665
71.725 41.635
66.674 30.891
71.257 34.75
67.622 37.61
74.795 25.355
69.897 26.643
75.173 32.078
68.656 35.491
71.864 49.614
69.801 41.403
63.606 30.796
66.894 29.621
71.937 47.55
69.826 57.004
66.462 35.995
68.019 30.944
70.789 23.698
66.86 42.541
73.083 37.642
67.974 44.186
75.72 28.251
66.585 36.597
70.63 29.794
65.19 44.79
67.712 30.331
68.124 34.108
71.269 32.325
72.979 43.305
70.95 38.547
68.82 26.792
72.579 30.161
72.526 26.828
70.38 39.112
71.806 37.855
71.305 21.956
66.879 19.326
72.402 34.915
67.922 40.409
68.09 36.169
70.56 22.619
69.028 22.401
69.583 41.944
71.883 34.017
73.31 32.219
69.374 45.541
71.036 28.687
69.246 36.016
70.726 38.438
71.391 41.744
68.049 27.922
70.869 37.965
71.901 57.332
70.292 22.841
75.47 39.043
68.076 32.957
67.669 28.104
64.466 27.744
72.879 39.299
72.742 53.929
69.747 28.58
72.841 39.642
70.581 30.554
70.92 51.015
70.357 39.424
71.391 34.028
70.321 40.026
78.814 35.836
66.311 43.551
64.136 32.918
66.393 25.605
66.543 36.64
68.629 47.439
69.467 25.307
69.309 32.979
71.712 43.266
71.231 19.654
72.376 40.276
75.623 41.628
73.868 37.107
65.942 28.389
62.635 34.206
72.852 36.036
64.195 41.954
70.211 40.366
70.112 32.19
77.043 48.754
69.781 34.569
68.396 28.292
70.746 31.543
70.777 41.995
70.222 36.595
68.075 41.968
66.134 35.171
71.001 55.134
65.753 21.157
66.736 31.323
74.21 34.742
68.675 35.587
69.556 46.686
72.845 37.052
69.051 33.98
73.255 35.878
68.909 40.945
73.203 29.766
71.99 38.831
69.326 22.325
67.262 34.091
66.701 27.083
69.146 29.655
68.614 37.138
68.708 25.807
73.11 27.344
69.059 22.694
73.617 17.409
68.319 33.611
73.076 44.675
68.348 33.369
70.558 33.171
73.07 26.874
68.691 47.624
68.614 32.852
76.335 46.058
73.007 38.217
68.634 32.744
72.052 43.923
68.861 42.801
72.232 34.325
74.477 45.888
64.926 48.843
73.254 34.797
74.61 33.401
70.15 38.275
75.522 38.386
70.491 41.554
66.088 32.55
63.064 40.067
68.946 43.342
72.256 36.656
71.004 36.335
71.308 25.026
68.175 25.369
70.455 23.272
64.818 24.458
67.596 33.51
67.411 21.731
71.644 53.259
69.955 40.951
66.346 17.978
69.97 25.696
67.819 33.918
67.892 20.99
72.733 31.568
70.359 43.825
71.26 33.806
72.795 34.738
70.57 26.988
71.742 30.698
72.16 24.328
73.702 38.304
71.505 31.507
74.466 41.757
70.071 44.974
69.849 43.663
75.38 35.257
68.388 30.779
69.991 25.138
72.909 36.246
70.474 42.777
74.443 32.698
73.27 33.931
70.922 40.057
67.541 41.714
71.792 23.764
65.628 36.174
70.773 36.655
72.557 34.038
70.674 42.26
72.782 32.344
76.447 28.989
72.922 37.516
70.844 38.789
72.029 33.451
71.346 41.548
65.842 22.355
68.683 26.209
73.873 10.638
69.862 39.187
71.842 27.2
66.817 32.643
70.204 43.151
71.898 35.601
65.695 31.021
71.099 28.275
69.425 33.006
67.029 39.56
69.881 22.773
64.003 33.85
63.271 40.63
66.278 23.182
66.868 40.079
66.291 40.133
64.544 27.348
70.911 22.971
64.959 37.985
70.349 41.546
72.489 39.913
69.993 41.145
70.294 25.506
68.804 39.584
65.311 29.859
69.861 30.464
73.038 22.769
75.497 44.413
68.64 36.274
64.854 42.571
70.526 47.225
71.19 25.957
69.282 40.108
66.367 34.534
76.402 43.005
62.539 43.178
68.387 41.448
65.821 27.995
67.988 33.78
71.005 37.228
70.437 60.489
67.752 44.657
72.457 53.941
71.968 38.536
72.047 36.911
68.654 39.805
73.316 31.08
72.089 45.211
77.933 34.523
73.363 24.27
73.659 42.381
70.168 22.381
65.926 19.735
68.826 37.206
67.604 27.1
68.217 27.485
71.756 33.871
68.239 30.885
67.169 32.922
68.706 37.062
69.491 25.535
71.294 25.267
66.988 17.785
71.003 31.957
70.247 40.376
74.188 29.761
69.326 38.971
69.575 39.31
66.296 42.611
65.619 42.532
70.982 29.549
69.211 28.018
71.593 35.549
67.177 29.362
76.035 47.307
70.387 46.155
73.311 36.098
69.282 31.487
69.486 39.064
72.182 29.931
71.757 34.169
66.457 30.372
65.153 35.366
66.528 43.743
65.523 40.534
70.188 44.232
68.7 27.501
68.836 36.332
65.696 26.648
72.465 38.347
71.39 37.763
69.717 45.415
73.229 44.178
67.236 39.986
71.311 31.062
71.102 31.276
71.104 18.583
67.694 31.158
71.034 22.607
68.372 42.328
67.165 41.983
66.195 35.734
73.282 32.28
67.325 35.885
69.453 47.876
66.178 45.486
69.06 31.293
59.779 35.335
66.563 25.629
65.489 37.777
66.792 40.633
69.326 42.183
68.971 22.562
76.149 39.68
68.192 27.857
69.209 31.887
65.037 40.852
68.49 37.251
65.769 33.258
70.096 39.897
72.698 48.437
71.278 30.105
67.784 23.902
64.844 25.121
74.617 27.855
76.483 30.241
70.381 39.684
66.87 17.884
73.788 37.28
68.126 28.542
68.514 43.71
72.803 28.388
65.62 34.623
63.812 26.828
71.33 29.642
71.267 33.031
70.301 33.187
71.571 30.929
73.422 44.432
73.069 39.739
68.202 49.765
72.561 33.022
70.548 43.648
68.401 17.929
66.226 39.766
72.046 38.197
68.882 31.874
70.147 40.616
67.492 41.819
65.097 42.836
70.543 38.436
69.803 39.823
73.792 29.949
72.535 26.431
73.331 33.177
67.632 36.266
67.039 42.365
65.987 28.23
71.575 31.214
78.82 59.845
72.301 30.214
67.555 50.226
72.646 43.008
66.432 30.149
65.495 33.691
72.269 33.494
67.54 38.568
70.999 46.102
74.448 22.251
71.268 51.43
72.94 41.56
64.922 30.07
72.092 34.194
76.763 38.09
71.711 37.557
65.127 44.186
69.358 43.718
68.419 31.952
71.211 34.074
71.303 41.041
71.282 36.098
68.85 44.039
68.105 29.278
68.136 38.613
72.699 37.593
64.14 45.627
69.344 24.095
70.855 35.092
67.936 35.225
71.509 16.284
69.774 45.032
67.033 57.335
70.51 33.181
69.152 37.228
68.704 31.128
67.751 37.871
70.194 31.96
64.162 33.596
68.74 47.91
68.281 28.003
67.116 30.072
72.064 34.595
67.678 33.701
71.71 46.766
73.086 51.673
69.504 27.07
70.878 29.924
72.022 39.395
69.744 31.907
71.71 51.226
66.007 47.779
73.511 39.855
66.871 39.228
64.217 31.696
74.378 41.59
69.802 44.063
71.42 36.282
68.851 50.418
66.773 40.08
60.282 33.141
71.98 38.187
69.093 43.744
69.376 31.73
71.283 34.44
65.512 53.67
67.693 30.951
73.628 42.987
71.891 41.78
65.948 47.396
63.033 38.541
68.194 14.96
70.677 28.2
72.98 39.421
70.296 37.106
66.451 50.455
70.968 46.426
66.293 38.632
66.961 35.363
67.933 22.319
66.112 49.621
69.143 35.994
67.154 22.261
69.097 38.4
68.538 35.683
68.704 30.276
68.408 38.813
73.9 29.69
71.93 24.333
70.187 20.886
65.361 31.605
64.859 29.434
63.787 37.925
78.238 23.718
73.075 33.63
70.813 22.956
66.919 49.271
66.375 33.695
71.732 45.052
74.949 39.482
64.645 41.784
68.579 25.559
69.733 45.104
63.701 46.072
72.66 18.535
68.689 33.447
76.047 30.351
68.764 36.137
71.294 28.28
66.387 36.887
68.024 39.613
66.304 36.602
71.241 34.171
74.117 25.024
68.123 35.276
71.38 30.941
68.405 24.537
70.323 34.579
73.783 33.689
70.38 36.586
66.721 42.666
67.29 39.371
69.463 45.466
69.394 29.064
67.262 27.761
70.571 34.292
74.005 46.544
69.206 45.423
69.353 33.922
63.038 29.495
67.551 22.505
65.594 39.972
68.779 35.062
71.662 25.678
74.817 32.786
75.687 20.831
69.63 38.427
68.987 33.497
72.585 48.4
71.55 24.203
72.42 43.06
72.461 36.403
65.319 35.197
71.709 40.944
69.711 44.586
67.596 26.131
67.807 45.406
74.052 25.657
67.439 26.091
66.089 29.191
70.679 41.001
76.359 27.016
70.081 37.705
70.975 38.416
67.033 35.945
75.294 39.997
70.395 25.591
71.676 43.285
66.989 35.613
72.701 41.151
71.231 27.2
66.344 35.054
70.126 42.083
68.575 43.027
70.345 34.355
69.208 19.989
69.399 26.104
66.734 36.435
68.978 41.296
72.424 38.973
75.517 30.616
66.33 52.714
77.518 36.335
74.826 42.455
70.533 31.704
69.048 25.923
67.791 40.299
72.633 43.623
67.803 49.46
68.539 30.592
72.794 22.164
71.379 48.167
72.836 37.411
71.596 26.079
68.732 30.368
68.375 28.321
72.518 44.605
67.878 39.558
73.753 37.331
72.5 37.187
70.91 28.473
70.01 43.002
71.156 37.906
81.152 34.012
69.644 33.476
65.078 33.688
76.056 28.46
71.929 41.165
67.951 46.011
78.277 55.758
71.742 39.234
70.93 28.467
67.54 36.373
66.632 26.55
64.408 29.501
68.663 29.558
66.67 27.954
72.048 38.251
68.996 25.914
75.594 40.935
74.777 41.885
70.519 43.41
69.106 34.746
73.643 40.351
66.374 49.163
72.13 35.64
67.884 33.355
68.734 49.153
67.876 14.577
71.82 31.504
67.539 54.333
66.637 30.866
71.749 30.661
68.661 24.986
71.143 41.502
68.887 17.891
70.852 28.645
61.89 38.757
71.473 35.136
75.861 40.613
73.287 36.347
72.881 40.773
69.242 24.553
70.572 36.814
70.772 22.457
70.305 41.341
67.374 32.235
68.886 40.168
69.447 30.615
68.48 37.496
72.646 43.756
78.027 19.854
65.815 19.538
70.406 20.279
65.439 41.38
74.119 38.676
74.459 29.787
64.743 46.551
76.146 36.725
66.57 21.873
70.717 26.861
73.475 24.188
70.465 42.739
77.26 30.883
78.704 26.43
70.437 30.395
63.969 27.659
68.846 41.756
67.318 38.577
67.582 37.194
66.434 37.993
70.247 35.371
76.662 28.022
67.736 39.137
69.113 28.296
73.689 26.734
73.835 26.731
71.535 42.159
73.245 43.228
72.753 21.106
68.793 33.686
71.356 37.165
69.054 29.988
67.154 40.846
72.007 37.25
70.213 33.79
69.408 30.45
70.923 40.546
73.123 42.154
71.243 38.905
70.615 33.13
70.885 42.508
70.162 27.71
67.551 35.919
72.488 46.498
74.455 33.917
68.311 28.033
76.096 51.266
69.443 32.955
69.229 38.481
67.162 28.242
67.494 37.066
66.986 38.461
71.119 35.149
75.05 38.132
71.668 44.871
72.701 23.958
74.243 37.08
62.096 18.168
69.47 35.176
71.116 50.664
72.268 42.809
65.874 34.532
66.819 31.957
72.5 39.506
69.631 43.478
71.749 35.294
66.962 47.705
64.833 27.911
72.407 19.147
73.774 29.35
75.161 33.91
65.155 31.513
65.773 27.751
65.339 45.307
69.868 21.966
68.054 30.843
74.156 27.607
65.399 30.72
64.49 29.082
70.649 38.919
73.772 26.99
67.461 28.135
65.998 35.414
69.528 43.685
64.825 19.542
70.055 49.504
72.62 28.186
70.689 40.287
63.962 42.852
68.302 45.489
69.045 30.737
75.735 35.769
72.893 33.981
69.819 30.103
74.141 37.603
66.696 37.559
68.899 32.052
74.467 36.513
74.751 57.014
72.31 35.17
71.552 40.877
68.147 31.088
72.356 30.983
67.381 31.952
71.817 39.73
70.891 28.632
73.603 20.433
68.653 35.294
72.012 31.685
72.508 37.507
67.159 35.397
70.494 40.923
75.051 42.762
70.356 24.356
69.024 22.62
71.444 39.192
69.13 37.381
71.401 27.574
69.574 44.926
69.942 35.26
71.457 36.141
74.308 37.638
71.429 41.218
75.213 47.803
63.586 32.248
68.579 20.915
70.746 43.239
67.359 27.262
65.965 44.616
71.951 30.446
71.938 47.209
70.915 28.599
71.25 26.162
67.247 42.434
68.426 23.862
69.663 40.449
67.825 38.31
71.049 33.951
77.479 32.997
68.475 51.425
72.047 32.187
66.729 33.141
74.236 27.861
66.935 28.14
70.66 30.364
68.044 48.576
71.619 32.017
70.036 29.444
69.861 31.375
79.326 41.688
68.008 24.201
69.852 40.037
78.484 25.123
66.374 33.583
71.749 20.457
66.596 38.977
73.259 40.908
71.036 29.565
72.062 37.765
69.118 36.224
70.775 44.415
74.656 36.5
62.805 42.654
64.835 33.543
71.314 29.909
67.929 34.487
69.063 33.301
65.266 41.629
67.139 34.262
68.722 28.095
67.705 33.523
67.26 44.301
68.666 31.524
67.019 29.396
