64.613 46.329
68.502 32.608
56.223 48.289
65.587 36.013
63.956 29.289
59.077 33.806
61.699 43.531
64.028 44.528
73.735 40.166
71.308 40.669
58.95 41.394
72.105 30.15
65.176 34.709
62.811 26.863
65.144 35.511
62.385 43.697
62.628 42.316
67.469 52.392
67.227 39.482
67.252 25.375
65.014 48.485
59.378 45.386
65.152 34.7
67.891 39.895
64.467 42.897
66.104 40.681
65.181 42.472
62.09 37.214
63.882 37.862
60.638 38.273
65.665 33.5
59.559 46.26
59.793 37.682
60.572 41.9
54.167 31.826
67.315 31.949
63.976 37.556
60.735 36.213
67.111 45.714
57.865 41.11
62.693 41.249
62.276 29.144
63.958 32.229
63.939 39.331
60.405 35.599
62.91 45.825
62.505 46.091
64.883 34.682
66.28 43.68
66.328 46.845
60.409 39.662
63.232 47.886
59.358 44.048
59.659 38.929
62.979 43.323
67.598 39.692
60.691 35.224
64.114 40.301
62.323 38.145
66.352 36.158
59.733 48.393
63.098 39.355
64.658 54.767
66.302 36.568
67.633 41.942
63.258 47.641
58.525 54.079
60.773 39.596
59.815 32.846
70.051 43.663
61.153 29.778
65.244 36.586
62.423 39.587
65.666 47.343
60.705 46.474
58.793 37.365
58.733 43.137
64.465 36.211
62.468 41.956
62.412 49.567
67.258 39.425
63.875 36.272
63.593 35.029
67.763 42.881
60.587 45.854
65.09 51.143
65.505 38.607
62.269 38.909
63.647 34.229
59.502 47.402
59.556 37.159
63.315 35.161
65.167 51.507
70.756 43.781
60.999 42.128
63.562 31.955
62.753 40.608
57.201 40.515
61.683 31.22
57.616 36.03
65.521 35.821
60.336 40.91
63.3 31.917
61.366 44.433
63.911 48.942
61.199 35.955
64.47 38.111
65.218 41.324
68.136 45.879
62.418 41.106
56.585 39.699
60.481 34.788
67.064 37.046
59.784 41.368
65.883 48.541
63.372 41.494
67.31 31.154
57.117 39.977
62.407 37.375
59.376 36.115
71.724 37.638
65.476 32.932
67.137 36.511
59.825 32.883
61.594 35.627
62.183 38.621
66.295 39.425
62.166 36.598
65.105 37.307
56.845 37.521
61.938 40.665
60.529 45.51
58.269 41.241
64.524 36.428
63.846 41.726
63.1 36.52
58.999 26.74
66.382 24.12
64.051 27.709
62.103 36.46
63.069 34.244
62.214 33.539
57.749 37.664
62.143 33.902
60.506 33.893
60.062 41.376
59.531 42.366
61.399 52.621
56.992 39.169
65.893 38.676
64.56 34.686
62.94 36.808
62.896 37.682
60.606 27.07
66.056 36.776
62.6 42.508
60.856 34.295
67.054 41.452
62.326 43.947
61.233 44.346
62.119 42.62
60.456 23.992
59.64 34.199
70.578 44.317
67.966 40.949
63.923 38.132
59.229 40.235
60.404 44.575
62.47 38.875
65.374 33.656
59.004 36.462
56.01 35.961
58.653 42.963
64.001 40.615
64.174 41.456
64.355 39.048
62.609 35.756
63.551 38.433
61.572 39.157
65.586 29.796
58.915 38.632
64.365 43.785
60.454 37.048
61.995 47.439
64.658 41.588
66.117 35.793
59.647 36.692
66.782 36.749
64.98 39.685
62.796 42.561
62.414 36.162
62.347 40.712
62.091 48.56
63.069 43.665
63.154 43.029
65.478 33.327
67.581 35.264
64.401 39.629
62.371 37.319
64.876 28.338
63.55 28.863
59.911 43.889
65.848 33.712
63.921 50.725
63.406 24.55
64.546 40.897
63.784 38.091
60.176 33.093
62.513 40.402
62.562 33.13
61.404 43.045
68.046 38.967
60.373 27.751
61.549 23.112
60.864 36.039
59.477 44.568
62.423 39.036
62.178 38.238
67.59 42.687
62.253 29.454
59.807 46.302
67.81 33.106
66.704 38.641
62.311 35.715
58.482 38.406
61.666 26.042
62.532 47.204
63.828 41.407
62.217 50.12
64.33 46.752
64.176 38.2
59.248 31.88
60.156 27.123
60.777 37.856
61.477 39.162
62.038 44.245
63.037 32.228
53.912 41.818
61.629 38.281
66.727 33.715
59.8 42.346
65.801 39.925
64.051 36.689
62.913 49.392
63.547 41.761
58.305 36.809
62.746 39.657
67.812 39.063
63.295 39.087
63.124 40.769
60.797 34.09
62.908 33.149
63.697 40.268
64.279 49.591
61.882 36.012
62.291 31.77
69.071 37.226
56.225 34.307
69.688 36.755
64.013 41.001
66 37.544
58.008 33.835
61.23 35.108
62.166 29.875
64.268 32.92
57.989 28.861
64.415 35.023
59.361 31.005
63.199 33.727
64.957 36.385
63.981 30.818
66.248 38.243
66.018 40.403
61.047 31.933
63.771 44.851
60.167 28.052
59.035 35.18
65.774 29.291
63 35.907
62.835 29.941
65.733 34.812
64.784 33.699
64.051 30.919
66.751 25.876
65.789 41.742
63.719 50.228
60.929 51.274
61.045 34.794
66.576 38.118
58.165 34.634
62.927 38.453
57.153 31.77
66.061 26.682
65.585 38.066
63.003 30.559
62.787 26.422
55.541 51.592
64.744 36.776
56.423 39.722
56.042 44.47
63.24 27.794
60.155 40.193
64.234 41.185
65.031 38.73
65.573 39.244
60.927 34.563
64.348 42.541
63.302 32.871
65.478 33.438
64.608 42.584
65.694 48.543
62.604 35.609
62.558 34.883
66.023 40.814
56.629 43.805
61.486 43.711
59.188 39.217
61.852 34.019
64.946 42.041
65.477 37.794
59.955 46.025
61.587 29.29
63.411 38.903
62.124 45.736
63.905 35.095
64.2 34.338
60.21 32.019
62.47 36.248
56.604 36.071
66.436 39.212
61.113 32.425
59.388 38.1
62.238 34.248
58.714 35.284
62.937 32.902
61.318 36.097
69.533 60.408
66.415 59.076
55.509 44.134
64.324 42.929
58.806 29.771
62.235 34.364
63.493 34.293
65.243 41.5
62.181 40.842
67.729 39.184
61.557 35.773
63.983 32.486
64.994 38.254
63.256 44.947
65.643 40.889
63.97 39.207
60.648 41.732
57.584 40.947
68.576 28.802
61.186 37.913
63.31 35.447
64.69 25.834
63.341 29.969
60.286 35.756
61.597 42.857
62.625 36.566
67.437 40.086
60.418 32.259
65.354 25.159
63.926 38.673
62.298 32.145
59.829 44.77
62.148 48.444
62.74 35.714
58.592 44.755
63.577 43.856
60.533 29.131
62.717 37.766
64.009 39.698
60.286 40.875
62.135 42.014
64.05 42.213
57.492 41.508
66.108 36.447
70.273 41.112
65.878 24.637
62.053 30.799
64.286 45.443
59.892 33.642
68.634 40.615
65.822 47.473
65.362 32.864
60.372 31.882
63.96 35.114
61.325 40.493
62.066 36.653
61.29 31.871
59.923 28.105
60.274 35.448
62.37 36.587
57.903 34.183
64.823 36.611
62.647 31.308
65.097 41.569
63.809 24.882
64.483 39.043
58.551 41.569
59.939 32.504
61.659 37.504
63.329 39.809
66.386 34.643
62.13 37.82
66.785 40.924
64.426 32.467
66.522 43.464
63.381 44.69
61.03 39.732
58.556 37.598
63.466 30.979
65.456 41.278
62.122 30.518
61.378 47.482
62.074 41.095
59.71 39.243
61.521 35.445
62.458 24.722
63.138 30.753
62.809 40.198
64.834 52.856
63.328 42.532
68.442 40.486
63.936 34.812
68.413 39.344
60.831 43.603
64.58 36.633
62.219 49.403
64.8 30.789
64.782 35.913
56.442 37.59
59.019 25.69
58.677 40.954
64.206 38.606
67.411 38.98
62.02 42.718
65.437 44.61
64.637 43.054
59.845 34.802
64.192 37.85
60.744 39.896
67.549 30.872
62.902 31.697
67.908 35.952
61.725 38.33
64.768 49.074
62.812 42.821
56.934 34.638
60.054 33.852
64.838 47.52
62.835 54.584
59.644 38.644
61.121 34.883
63.749 29.503
60.021 43.591
65.925 40.085
61.078 44.865
68.427 33.084
59.76 39.101
63.598 34.094
58.437 45.237
60.829 34.411
61.22 37.271
64.204 36.021
65.826 44.351
63.901 40.702
61.881 31.777
65.446 34.429
65.397 31.915
63.361 41.112
64.714 40.207
64.238 28.205
60.039 26.09
65.279 38.008
61.028 42.015
61.188 38.824
63.531 28.683
62.077 28.472
62.605 43.222
64.786 37.316
66.14 36.003
62.406 45.928
63.983 33.272
62.285 38.743
63.689 40.614
64.32 43.126
61.149 32.605
63.825 40.262
64.803 54.894
63.277 28.842
68.19 41.212
61.174 36.402
60.789 32.731
57.75 32.364
65.731 41.328
65.601 52.353
62.76 33.152
65.695 41.585
63.551 34.666
63.872 50.102
63.339 41.346
64.32 37.309
63.305 41.799
71.362 38.895
59.5 44.336
57.437 36.255
59.578 30.809
59.72 39.132
61.699 47.337
62.495 30.676
62.344 36.455
64.624 44.283
64.168 26.468
65.254 42.049
68.335 43.166
66.669 39.704
59.15 32.894
56.013 37.18
65.706 38.867
57.493 43.068
63.2 42.052
63.106 35.885
69.682 48.581
62.792 37.668
61.478 32.895
63.707 35.416
63.737 43.297
63.21 39.209
61.174 43.196
59.332 38.013
63.95 53.21
58.971 27.436
59.903 35.13
66.994 37.932
61.743 38.402
62.579 46.797
65.699 39.633
62.1 37.202
66.088 38.76
61.965 42.449
66.038 34.15
64.888 40.948
62.361 28.424
60.403 37.233
59.871 31.932
62.19 33.945
61.686 39.57
61.774 31.03
65.951 32.321
62.107 28.694
66.431 24.846
61.405 36.903
65.918 45.386
61.433 36.721
63.53 36.638
65.912 31.966
61.758 47.478
61.685 36.339
69.01 46.527
65.853 40.516
61.704 36.258
64.947 44.789
61.92 43.847
65.118 37.558
67.248 46.343
58.186 48.284
66.087 37.944
67.374 36.933
63.142 40.473
68.239 40.719
63.466 42.956
59.289 36.035
56.42 41.612
62 44.258
65.141 39.316
63.952 39.037
64.241 30.52
61.269 30.684
63.432 29.172
58.084 29.896
60.72 36.805
60.544 27.919
64.559 51.815
62.958 42.485
59.533 25.057
62.971 30.985
60.931 37.119
61 27.374
65.592 35.495
63.34 44.664
64.195 37.137
65.652 37.886
63.541 31.977
64.653 34.809
65.049 30.019
66.512 40.602
64.428 35.412
67.237 43.229
63.068 45.522
62.856 44.527
68.104 38.355
61.471 34.769
62.991 30.565
65.76 39.026
63.449 43.877
67.215 36.398
66.102 37.292
63.875 41.84
60.667 42.988
64.7 29.583
58.852 38.754
63.733 39.271
65.425 37.352
63.639 43.493
65.639 36.081
69.117 33.662
65.772 39.984
63.801 40.882
64.925 36.893
64.276 42.977
59.056 28.342
61.751 31.333
66.674 19.749
62.869 41.152
64.747 32.175
59.98 36.127
63.194 44.151
64.801 38.51
58.915 34.871
64.043 32.963
62.454 36.479
60.181 41.349
62.887 28.778
57.311 36.953
56.616 42.043
59.469 28.979
60.028 41.735
59.481 41.759
57.824 32.067
63.865 28.958
58.217 40.099
63.331 42.946
65.361 41.779
62.993 42.633
63.279 30.851
61.866 41.42
58.552 33.983
62.869 34.576
65.882 28.87
68.215 45.262
61.709 38.92
58.118 43.553
63.499 47.233
64.129 31.218
62.319 41.83
59.553 37.54
69.073 44.228
55.921 43.941
61.47 42.813
59.035 32.594
61.092 37.02
63.954 39.71
63.414 57.23
60.868 45.213
65.331 52.354
64.867 40.725
64.942 39.502
61.723 41.582
66.146 35.144
64.982 45.761
70.526 37.879
66.19 30.012
66.471 43.675
63.159 28.491
59.135 26.369
61.886 39.628
60.727 31.972
61.308 32.281
64.665 37.201
61.33 34.845
60.315 36.349
61.772 39.516
62.517 30.849
64.228 30.701
60.142 24.931
63.952 35.736
63.234 42.061
66.973 34.176
62.36 40.974
62.597 41.237
59.486 43.627
58.844 43.547
63.932 33.92
62.252 32.713
64.511 38.462
60.322 33.664
68.726 47.46
63.367 46.421
66.141 38.927
62.319 35.33
62.512 41.048
65.07 34.244
64.667 37.426
59.639 34.405
58.402 38.13
59.706 44.487
58.753 42.038
63.179 44.966
61.766 32.307
61.896 38.969
58.917 31.574
65.339 40.597
64.318 40.125
62.731 45.843
66.064 45.017
60.378 41.676
64.244 35.071
64.045 35.225
64.048 25.656
60.812 35.034
63.981 28.688
61.455 43.476
60.311 43.179
59.39 38.439
66.113 36.048
60.462 38.587
62.481 47.691
59.374 45.791
62.109 35.177
53.304 37.946
59.739 30.832
58.721 39.958
59.957 42.151
62.36 43.395
62.024 28.592
68.833 41.713
61.285 32.56
62.25 35.63
58.292 42.263
61.568 39.652
58.986 36.56
63.091 41.695
65.559 48.212
64.213 34.348
60.898 29.566
58.108 30.397
67.38 32.751
69.15 34.607
63.362 41.543
60.03 25.002
66.593 39.832
61.222 33.075
61.591 44.522
65.659 33.099
58.844 37.584
57.13 31.653
64.262 34.001
64.202 36.554
63.285 36.642
64.49 34.978
66.247 45.214
65.911 41.665
61.294 49.078
65.43 36.586
63.52 44.536
61.483 25.082
59.42 41.48
64.941 40.472
61.939 35.61
63.139 42.239
60.621 43.066
58.348 43.761
63.515 40.607
62.814 41.63
66.597 34.306
65.405 31.616
66.16 36.726
60.753 38.883
60.191 43.464
59.193 32.776
64.494 35.193
71.367 56.996
65.183 34.461
60.681 49.406
65.51 44.117
59.615 34.236
58.727 36.878
65.152 36.932
60.666 40.616
63.948 46.4
67.22 28.521
64.203 50.425
65.789 43.034
58.183 34.131
64.985 37.455
69.416 40.532
64.623 39.979
58.377 44.779
62.391 44.554
61.5 35.655
64.149 37.339
64.236 42.594
64.216 38.866
61.909 44.78
61.202 33.629
61.231 40.668
65.561 40.036
57.441 45.836
62.378 29.759
63.811 38.095
61.042 38.107
64.432 23.935
62.786 45.557
60.185 54.749
63.484 36.644
62.195 39.654
61.77 35.042
60.866 40.097
63.184 35.714
57.462 36.766
61.805 47.695
61.369 32.673
60.264 34.198
64.958 37.756
60.797 36.951
64.622 46.922
65.928 50.662
62.529 32.006
63.833 34.199
64.919 41.374
62.757 35.661
64.623 50.284
59.212 47.515
66.331 41.765
60.031 41.093
57.513 35.335
67.153 43.1
62.812 44.827
64.347 39.009
61.91 49.59
59.938 41.733
53.781 36.307
64.879 40.462
62.14 44.565
62.408 35.516
64.217 37.616
58.742 51.941
60.812 34.878
66.442 44.13
64.794 43.168
59.156 47.224
56.39 40.46
61.286 22.837
63.642 32.893
65.827 41.422
63.281 39.597
59.633 49.545
63.918 46.643
59.483 40.627
60.117 38.183
61.039 28.377
59.312 48.906
62.187 38.724
60.3 28.31
62.143 40.536
61.613 38.471
61.771 34.399
61.489 40.827
66.7 34.114
64.831 30.016
63.177 27.365
58.599 35.301
58.123 33.649
57.106 40.018
70.816 29.742
65.917 37.059
63.771 28.944
60.077 48.667
59.561 36.907
64.643 45.63
67.695 41.528
57.92 42.954
61.652 30.84
62.747 45.61
57.024 46.158
65.524 25.667
61.756 36.79
68.737 34.677
61.827 38.82
64.228 32.972
59.573 39.314
61.125 41.418
59.494 39.097
64.178 37.412
66.906 30.603
61.219 38.152
64.309 34.982
61.487 30.064
63.306 37.693
66.589 37.125
63.361 39.207
59.889 43.681
60.429 41.214
62.49 45.874
62.425 33.507
60.403 32.46
63.542 37.484
66.8 46.823
62.246 45.834
62.386 37.168
56.395 33.641
60.676 28.506
58.82 41.616
61.841 38.01
64.577 31.022
67.57 36.476
68.395 27.488
62.649 40.573
62.039 36.836
65.453 48.18
64.47 29.907
65.296 44.15
65.335 39.132
58.559 38.008
64.621 42.533
62.725 45.218
60.719 31.241
60.919 45.779
66.844 31.078
60.571 31.206
59.29 33.503
63.644 42.545
69.032 32.172
63.077 40.041
63.925 40.604
60.185 38.623
68.023 41.926
63.375 30.918
64.59 44.296
60.144 38.372
65.562 42.719
64.167 32.156
59.532 37.931
63.119 43.343
61.648 44.009
63.328 37.524
62.248 26.659
62.43 31.275
59.901 38.984
62.03 42.716
65.3 41.068
68.234 34.861
59.518 51.245
70.132 39.232
67.578 43.766
63.506 35.531
62.096 31.128
60.904 41.929
65.498 44.58
60.916 48.836
61.614 34.633
65.651 28.407
64.308 47.968
65.69 39.903
64.514 31.322
61.797 34.47
61.458 32.916
65.389 45.317
60.986 41.372
66.56 39.87
65.372 39.724
63.863 33.106
63.01 44.033
64.097 40.226
73.58 37.59
62.663 36.841
58.33 36.863
68.745 33.251
64.83 42.706
61.056 46.24
70.852 53.898
64.653 41.244
63.883 33.103
60.666 38.961
59.805 31.529
57.695 33.686
61.731 33.857
59.841 32.588
64.943 40.513
62.047 31.12
68.307 42.642
67.532 43.334
63.492 44.356
62.152 37.782
66.456 42.143
59.56 48.569
65.021 38.546
60.993 36.697
61.799 48.632
60.985 22.539
64.727 35.419
60.666 52.502
59.809 34.782
64.659 34.781
61.73 30.41
64.085 42.937
61.944 25.068
63.809 33.235
55.307 40.589
64.398 38.147
68.561 42.407
66.118 39.114
65.733 42.439
62.281 30.101
63.543 39.385
63.733 28.567
63.289 42.789
60.509 35.837
61.943 41.863
62.476 34.677
61.558 39.836
65.511 44.681
70.615 26.822
59.03 26.217
63.385 26.914
58.673 42.673
66.908 40.895
67.23 34.204
58.012 46.55
68.831 39.485
59.746 28.001
63.68 31.886
66.297 29.953
63.442 43.849
69.887 35.114
71.258 31.8
63.415 34.541
57.279 32.284
61.905 43.059
60.456 40.616
60.706 39.581
59.617 40.149
63.235 38.287
69.32 32.939
60.852 41.051
62.158 32.919
66.499 31.878
66.638 31.881
64.457 43.443
66.078 44.301
65.612 27.608
61.855 36.973
64.287 39.673
62.103 34.193
60.3 42.322
64.904 39.757
63.202 37.094
62.439 34.552
63.875 42.209
65.963 43.488
64.179 40.981
63.584 36.609
63.839 43.687
63.154 32.509
60.677 38.619
65.36 46.744
67.227 37.317
61.398 32.697
68.783 50.446
62.471 36.442
62.269 40.601
60.307 32.82
60.623 39.483
60.141 40.519
64.062 38.146
67.791 40.513
64.582 45.492
65.563 29.757
67.026 39.696
55.501 25.073
62.497 38.117
64.059 49.843
65.152 43.955
59.085 37.523
59.982 35.61
65.372 41.472
62.65 44.38
64.659 38.274
60.118 47.487
58.099 32.5
65.284 26.12
66.58 33.854
67.896 37.334
58.403 35.225
58.989 32.408
58.578 45.631
62.875 28.169
61.153 34.808
66.942 32.551
58.635 34.635
57.773 33.373
63.616 40.974
66.579 32.075
60.592 32.748
59.203 38.192
62.552 44.534
58.091 26.191
63.052 48.937
65.485 32.941
63.653 42.007
57.272 43.738
61.39 45.857
62.094 34.757
68.441 38.752
65.745 37.319
62.829 34.302
66.928 40.087
59.866 39.83
61.955 35.744
67.238 39.275
67.507 54.739
65.191 38.198
64.472 42.478
61.242 34.995
65.235 35.042
60.516 35.624
64.724 41.62
63.846 33.226
66.418 27.126
61.722 38.181
64.908 35.561
65.38 39.965
60.305 38.214
63.469 42.48
67.792 44.003
63.337 29.986
62.074 28.637
64.37 41.204
62.175 39.769
64.329 32.444
62.596 45.471
62.945 38.194
64.382 38.904
67.087 40.118
64.356 42.731
67.945 47.809
56.915 35.733
61.652 27.339
63.708 44.234
60.494 32.087
59.172 45.128
64.851 34.625
64.838 47.263
63.868 33.201
64.186 31.374
60.388 43.522
61.507 29.555
62.68 42.098
60.937 40.43
63.996 37.24
70.096 36.714
61.553 50.338
64.942 35.941
59.897 36.5
67.019 32.745
60.093 32.736
63.626 34.525
61.144 48.177
64.536 35.799
63.034 33.813
62.868 35.263
71.847 43.322
61.11 29.799
62.859 41.793
71.049 30.809
59.56 36.823
64.659 27.088
59.771 40.896
66.092 42.552
63.983 33.933
64.956 40.146
62.163 38.896
63.736 45.122
67.418 39.271
56.175 43.555
58.1 36.746
64.246 34.201
61.036 37.551
62.111 36.691
58.509 42.856
60.285 37.357
61.787 32.756
60.823 36.818
60.401 44.93
61.734 35.339
60.172 33.686
