2.7003 131.5 70.401 26.355
6.7993 115.68 78.599 20.23
-6.1431 117.03 52.714 20.547
3.7264 115.19 72.453 19.987
2.008 130.2 69.016 25.833
-3.1353 112.86 58.729 18.963
-0.37114 109.78 64.258 17.803
2.0835 129.93 69.167 25.73
12.316 119.52 89.632 21.82
9.7577 128.74 84.515 25.389
-3.2687 118.05 58.463 20.994
10.597 127.74 86.195 25.011
3.2939 91.96 71.588 10.888
0.8006 128.67 66.601 25.217
3.2602 146.02 71.52 32.048
0.35184 135.62 65.704 27.93
0.60742 134.09 66.215 27.334
5.7108 120.77 76.422 22.205
5.4558 125.88 75.912 24.201
5.4816 126.66 75.963 24.506
3.1235 124.5 71.247 23.621
-2.8184 112.26 59.363 18.736
3.2681 119.03 71.536 21.483
6.1553 121.63 77.311 22.549
2.546 117.35 70.092 20.814
4.272 133.73 73.544 27.254
3.2986 154.41 71.597 35.331
0.040436 106.66 65.081 16.589
1.9293 124.71 68.859 23.684
-1.4896 104.97 62.021 15.904
3.8094 139.36 72.619 29.45
-2.6274 139.71 59.745 29.481
-2.3801 102.15 60.24 14.783
-1.5599 146.4 61.88 32.118
-8.3106 108.33 48.379 17.106
5.5486 126.46 76.097 24.428
2.0283 136.6 69.057 28.341
-1.3873 124.44 62.225 23.526
5.3333 151.74 75.667 34.321
-4.4123 155.87 56.175 35.779
0.67668 124.64 66.353 23.638
0.23648 99.546 65.473 13.808
2.0094 118.68 69.019 21.327
1.9893 112.77 68.979 19.012
-1.735 113.23 61.53 19.132
0.90497 109.18 66.81 17.591
0.47861 123.88 65.957 23.335
2.985 149.08 70.97 33.24
4.4572 114.76 73.914 19.83
4.5078 120.09 74.016 21.919
-1.7311 136.87 61.538 28.383
1.2446 137.88 67.489 28.828
-2.8394 128.37 59.321 25.038
-2.5212 135.03 59.958 27.65
0.97834 133.65 66.957 27.169
5.8466 119.05 76.693 21.535
-1.4339 127.88 62.132 24.872
2.1744 119.52 69.349 21.655
0.28664 111.88 65.573 18.636
4.5334 131.3 74.067 26.305
-2.4439 123.31 60.112 23.065
1.103 120.73 67.206 22.111
2.7472 126.83 70.494 24.528
4.4804 135.61 73.961 27.992
5.8832 128.54 76.766 25.248
1.2717 125.42 67.543 23.952
-3.7168 125.72 57.566 23.986
-1.3474 123.27 62.305 23.069
-2.357 113.02 60.286 19.039
8.4328 133.74 81.866 27.326
-0.9467 139.95 63.107 29.603
3.3656 116.82 71.731 20.619
0.39152 146.5 65.783 32.188
3.81 121.26 72.62 22.367
-1.4187 119.65 62.163 21.651
-3.4344 111.35 58.131 18.368
-3.4979 112.63 58.004 18.867
2.5438 111.57 70.088 18.551
0.43909 127.25 65.878 24.653
0.38002 142.45 65.76 30.603
5.4883 130.13 75.977 25.863
1.9221 133.59 68.844 27.161
1.6255 139.52 68.251 29.474
6.0207 93.163 77.041 11.404
-1.5439 120.57 61.912 22.007
3.2029 127.65 71.406 24.856
3.6408 132.17 72.282 26.634
0.22931 106.92 65.459 16.692
1.682 110.79 68.364 18.233
-2.6867 132.12 59.627 26.511
-2.6301 121.03 59.74 22.169
1.3316 129.82 67.663 25.674
3.284 111.59 71.568 18.57
9.176 104.23 83.352 15.787
-1.1089 132 62.782 26.488
1.5924 137.69 68.185 28.76
0.73913 142.93 66.478 30.798
-5.1128 103.33 54.774 15.202
-0.38813 106.43 64.224 16.492
-4.6753 104.11 55.649 15.515
3.6575 122.89 72.315 23
-1.8082 115.05 61.384 19.841
1.3165 139.13 67.633 29.318
-0.72195 104.93 63.556 15.901
1.9598 101.82 68.92 14.726
-0.8984 125.23 63.203 23.841
2.5494 137.83 70.099 28.83
3.3381 113.53 71.676 19.33
6.4135 108.32 77.827 17.344
0.38613 121.08 65.772 22.239
-5.7621 101.96 53.476 14.654
-1.655 122.81 61.69 22.884
5.2836 133.78 75.567 27.289
-2.3905 125.16 60.219 23.789
4.0388 100.09 73.078 14.083
1.3923 116.49 67.785 20.458
5.5432 119.99 76.086 21.894
-5.2009 144.26 54.598 31.222
0.37482 134.1 65.75 27.335
-2.8195 121.73 59.361 22.44
10.196 140.4 85.392 29.961
3.6096 110.61 72.219 18.191
5.3607 119.39 75.721 21.659
-2.3463 139.79 60.307 29.515
-0.48189 141.16 64.036 30.085
0.13838 131.81 65.277 26.434
4.4735 129.53 73.947 25.611
0.12129 115.7 65.243 20.127
3.2185 132.45 71.437 26.734
-5.4884 111.89 54.023 18.547
-0.11897 129.86 64.762 25.668
-1.6044 126.06 61.791 24.155
-3.9871 136.2 57.026 28.083
2.6064 118.03 70.213 21.081
1.8917 130.92 68.783 26.114
1.1059 132.72 67.212 26.807
-3.2175 111.37 58.565 18.38
4.5654 125.45 74.131 24.016
2.1074 142.71 69.215 30.734
0.05427 124.23 65.109 23.468
1.0724 119.23 67.145 21.527
0.1715 128.46 65.343 25.125
-4.5347 118.8 55.931 21.267
0.096692 128.29 65.193 25.055
-1.629 120.96 61.742 22.157
-2.0965 122.31 60.807 22.68
-2.6569 128.09 59.686 24.933
-0.68726 139.42 63.625 29.399
-5.3329 127.58 54.334 24.689
4.0492 143.63 73.098 31.124
2.6446 98.423 70.289 13.408
0.93667 117.49 66.873 20.843
0.89004 125.87 66.78 24.122
-1.524 112.4 61.952 18.81
4.2214 107.87 73.443 17.13
0.57873 130.49 66.157 25.924
-1.2595 130.16 62.481 25.765
5.2735 127.18 75.547 24.707
0.28921 127.73 65.578 24.84
-0.86267 112.07 63.275 18.69
0.07107 116.77 65.142 20.546
-1.6814 121.29 61.637 22.288
-2.5422 114.05 59.916 19.44
8.9879 128.26 82.976 25.189
6.2351 152.73 77.47 34.722
1.9725 117.24 68.945 20.763
-2.9754 130.33 59.049 25.803
-1.7369 109.93 61.526 17.84
0.44175 139.31 65.884 29.375
3.5027 111.51 72.005 18.546
-3.2122 124.92 58.576 23.684
-6.3677 114.32 52.265 19.484
-3.5824 128.58 57.835 25.109
2.0547 123.3 69.109 23.133
2.2376 122.65 69.475 22.882
2.4283 159.31 69.857 37.233
0.588 115.23 66.176 19.951
1.5809 122.51 68.162 22.819
-0.50573 155.61 63.989 35.739
3.726 109.38 72.452 17.712
-3.3061 129.12 58.388 25.326
2.4389 110.04 69.878 17.952
-1.6839 135.21 61.632 27.735
-0.059005 126.85 64.882 24.489
2.7481 131.24 70.496 26.255
4.2859 120.08 73.572 21.911
-2.5343 125.47 59.931 23.909
4.9866 141.62 74.973 30.352
3.0876 95.47 71.175 12.259
0.78539 102.98 66.571 15.161
0.38266 127.99 65.765 24.944
0.31187 114.88 65.624 19.812
0.04149 119.23 65.083 21.509
1.0729 104.69 67.146 15.835
1.1622 111.95 67.324 18.678
3.6122 118.45 72.224 21.26
5.8287 114.84 76.657 19.886
2.4765 112.62 69.953 18.96
0.33683 117.74 65.674 20.93
2.977 111.76 70.954 18.633
1.5794 139.51 68.159 29.471
-2.2564 110.41 60.487 18.021
4.0017 145.7 73.003 31.933
1.971 118.56 68.942 21.279
1.4275 105.3 67.855 16.078
2.6294 115.67 70.259 20.159
1.8266 134.56 68.653 27.538
-1.9772 135.48 61.046 27.835
0.48664 124.88 65.973 23.729
0.53813 126.45 66.076 24.342
-0.68237 130.49 63.635 25.905
6.3193 105.94 77.639 16.41
-1.7693 115.47 61.461 20.006
-0.52996 100.37 63.94 14.119
-1.2516 117.17 62.497 20.68
-2.7132 134.06 59.574 27.269
0.39209 131.69 65.784 26.391
0.13331 150.87 65.267 33.894
5.8385 125.77 76.677 24.162
0.21251 96.49 65.425 12.611
-2.3653 143.17 60.269 30.84
6.0706 139.45 77.141 29.522
4.9044 116.46 74.809 20.502
0.27386 125.62 65.548 24.012
-3.7629 131.82 57.474 26.376
-0.40604 127.5 64.188 24.737
0.50687 131.45 66.014 26.299
1.873 121.75 68.746 22.526
0.17413 122.4 65.348 22.752
2.4022 124.29 69.804 23.527
2.2393 113.52 69.479 19.311
-2.955 139.82 59.09 29.519
-1.9977 122.63 61.005 22.805
-1.3436 131.05 62.313 26.112
-0.60586 112.3 63.788 18.784
-0.013749 109.69 64.973 17.774
1.0394 121.89 67.079 22.567
-8.5791 118.47 47.842 21.071
-0.44521 137.41 64.11 28.615
4.929 131.01 74.858 26.198
-2.3732 129.11 60.254 25.336
3.9527 105.76 72.905 16.3
2.1078 111.32 69.216 18.448
0.90828 125.46 66.817 23.961
1.577 118.83 68.154 21.377
-3.9491 138.05 57.102 28.808
0.73266 139.37 66.465 29.404
6.0721 116.65 77.144 20.598
1.311 133.76 67.622 27.215
1.1308 140.1 67.262 29.694
-1.3216 126.58 62.357 24.363
0.90256 142.85 66.805 30.769
1.7347 136.11 68.469 28.144
2.3484 125.82 69.697 24.127
-0.17892 133.55 64.642 27.111
0.25226 125.27 65.505 23.875
7.3995 118.88 79.799 21.493
-6.1415 126.32 52.717 24.181
8.0501 124.5 81.1 23.702
2.0675 118.7 69.135 21.333
4.1625 145.15 73.325 31.72
-4.2626 124.92 56.475 23.665
-0.86585 156.14 63.268 35.938
0.12068 119.24 65.241 21.515
2.3367 130.11 69.673 25.803
-4.2816 141.58 56.437 30.185
2.4914 156.62 69.983 36.185
-2.8354 126.14 59.329 24.166
1.2093 113.36 67.419 19.23
3.0629 133.14 71.126 27.003
2.0343 107 69.069 16.755
4.4236 120.16 73.847 21.945
4.1815 126.8 73.363 24.541
-1.0584 140.92 62.883 29.981
1.8129 140.71 68.626 29.945
-1.9864 122.21 61.027 22.644
-3.1799 133.68 58.64 27.112
3.9246 119.51 72.849 21.68
1.0002 131.09 67 26.167
0.82633 146.41 66.653 32.161
3.8812 125.35 72.762 23.967
2.8802 119.6 70.76 21.701
2.1074 117.05 69.215 20.688
4.9536 132.36 74.907 26.728
3.9403 139.81 72.881 29.626
1.7582 149.13 68.516 33.239
-1.1831 123.33 62.634 23.095
-1.0604 124.69 62.879 23.626
4.7698 115.82 74.54 20.252
-4.0971 141.96 56.806 30.339
0.92264 122.07 66.845 22.633
-5.1628 116.28 54.674 20.271
4.2271 150.22 73.454 33.704
3.725 133.32 72.45 27.084
1.0037 131.77 67.007 26.432
0.77599 110.66 66.552 18.167
-6.8623 127.13 51.275 24.489
2.8378 129.64 70.676 25.629
-5.9331 108.59 53.134 17.248
-6.3342 119.14 52.332 21.368
1.2528 118.08 67.506 21.079
-1.9994 129.01 61.001 25.303
2.3012 110.87 69.602 18.274
3.1408 136.65 71.282 28.377
3.7124 145.25 72.425 31.753
-1.1856 118.95 62.629 21.381
2.4211 123.11 69.842 23.065
1.3182 129.25 67.636 25.451
3.6123 138.12 72.225 28.959
2.6955 129.64 70.391 25.628
3.8394 128.29 72.679 25.115
0.58278 117.03 66.166 20.656
0.53451 120.1 66.069 21.856
4.1869 130.98 73.374 26.177
-5.7156 142.59 53.569 30.557
-0.59564 129.72 63.809 25.603
-3.018 107.64 58.964 16.922
-0.20984 128.12 64.58 24.984
3.0513 122.18 71.103 22.713
3.6112 120.4 72.222 22.027
-2.2095 119.84 60.581 21.709
-0.48965 112.01 64.021 18.674
1.4333 119.14 67.867 21.496
0.077047 113.26 65.154 19.173
1.9544 118.68 68.909 21.323
2.2647 124.62 69.529 23.657
-1.9408 124.69 61.118 23.615
0.44081 120.28 65.882 21.925
-5.7423 120.12 53.515 21.763
4.622 123.96 74.244 23.433
-0.98936 128.31 63.021 25.046
-2.8069 138.11 59.386 28.853
0.19696 130.47 65.394 25.91
-3.5178 118.81 57.964 21.288
0.93404 130.31 66.868 25.86
-0.77298 119.73 63.454 21.691
7.8867 102.24 80.773 14.987
4.6001 94.814 74.2 12.027
-6.8958 100.84 51.208 14.2
2.3956 120.31 69.791 21.969
-3.4213 114.75 58.157 19.7
0.19344 114.07 65.387 19.49
1.5199 123.58 68.04 23.234
3.3645 115.29 71.729 20.021
0.13655 115.15 65.273 19.915
5.9847 131.21 76.969 26.294
-0.52086 132.35 63.958 26.633
2.0357 152.97 69.071 34.749
3.1021 127.02 71.204 24.606
1.2694 123.75 67.539 23.3
3.7858 116.39 72.572 20.459
2.0221 120.76 69.044 22.142
-1.4797 122.01 62.041 22.572
-4.7091 100.66 55.582 14.162
6.8774 120.73 78.755 22.208
-0.91169 131.89 63.177 26.447
1.3269 116.06 67.654 20.291
2.7809 129.32 70.562 25.501
1.3592 135.19 67.718 27.776
-1.861 135.75 61.278 27.945
-0.47904 132.29 64.042 26.61
0.60506 95.284 66.21 12.146
5.6769 116.79 76.354 20.647
-1.7221 133.62 61.556 27.114
3.4813 128.2 71.963 25.077
1.976 123.21 68.952 23.096
0.26047 128.24 65.521 25.037
-2.3424 136.33 60.315 28.162
0.10147 124.75 65.203 23.669
0.72586 113.67 66.452 19.346
-3.6466 120.1 57.707 21.789
1.6077 120.55 68.215 22.05
-1.6003 133.58 61.799 27.1
0.70199 128 66.404 24.953
2.0632 129.86 69.126 25.702
-1.8608 124.38 61.278 23.494
0.088453 118.43 65.177 21.196
2.107 123.91 69.214 23.376
-4.8055 124.78 55.389 23.603
4.276 106.38 73.552 16.549
8.6668 126.34 82.334 24.432
4.0339 134.81 73.068 27.671
0.0014413 121.5 65.003 22.397
2.3554 142.45 69.711 30.633
-2.2761 129.37 60.448 25.439
6.9383 118.75 78.877 21.432
3.9748 121.56 72.95 22.486
3.4898 120.01 71.98 21.869
-1.7698 125.54 61.46 23.947
2.0118 132.39 69.024 26.691
-0.76548 119.16 63.469 21.469
0.015174 128.46 65.03 25.122
-0.80253 144.21 63.395 31.273
-2.2437 133.91 60.513 27.219
-1.8737 132.67 61.253 26.737
0.33625 112.93 65.672 19.047
-4.3723 115.66 56.255 20.038
2.9214 126.26 70.843 24.306
0.62749 121.71 66.255 22.49
3.2109 103.44 71.422 15.382
1.8527 104.59 68.705 15.81
2.5631 135.79 70.126 28.033
-3.69 113.02 57.62 19.017
-2.2264 147.95 60.547 32.713
-0.41352 95.595 64.173 12.251
1.3468 128.54 67.694 25.176
4.5694 123.54 74.139 23.271
0.083056 113.61 65.166 19.309
4.9894 128.55 74.979 25.236
2.5034 113.51 70.007 19.31
4.7129 134.08 74.426 27.397
1.4014 123.88 67.803 23.35
-1.077 102.63 62.846 14.992
-3.6846 92.623 57.631 11.034
1.4917 119.6 67.983 21.677
3.5885 137.41 72.177 28.683
0.074755 125.08 65.15 23.798
-0.71012 123.41 63.58 23.132
0.023989 131.27 65.048 26.221
-2.4677 105.43 60.065 16.066
-0.55903 140.21 63.882 29.711
0.42845 111.98 65.857 18.676
1.145 123.48 67.29 23.192
0.7983 118.52 66.597 21.243
2.9332 125.12 70.866 23.861
1.3457 99.254 67.691 13.712
6.7364 142.51 78.473 30.73
1.9867 129.83 68.973 25.688
6.7063 148.45 78.413 33.055
-1.2867 139.99 62.427 29.614
2.6651 123.39 70.33 23.18
0.17701 111.38 65.354 18.44
2.8978 102 70.796 14.813
2.8782 123.49 70.756 23.222
-5.9128 124.65 53.174 23.531
-3.1965 135.17 58.607 27.695
-3.5569 110.68 57.886 18.103
2.2707 132.92 69.541 26.902
5.6492 124.57 76.298 23.691
-0.033477 113.38 64.933 19.217
3.5688 132.86 72.138 26.901
2.7251 126.51 70.45 24.402
-2.3256 119.62 60.349 21.624
2.2569 146.16 69.514 32.086
-1.3777 130.1 62.245 25.74
5.7949 122.37 76.59 22.831
0.89702 126.38 66.794 24.321
6.1735 124.84 77.347 23.805
-0.34415 124.92 64.312 23.731
2.864 128.83 70.728 25.312
0.80144 115.58 66.603 20.094
-5.394 112.29 54.212 18.703
-2.1058 126.95 60.788 24.495
2.9369 146.36 70.874 32.175
0.82643 119.22 66.653 21.517
-2.5377 110.08 59.925 17.884
-0.98078 119.78 63.038 21.709
1.789 117.19 68.578 20.741
-2.1402 118.52 60.72 21.197
4.0831 129.28 73.166 25.509
-1.0261 121.11 62.948 22.225
6.7201 116.58 78.44 20.582
-2.4148 117.06 60.17 20.618
1.6299 106.91 68.26 16.712
-3.8099 111.76 57.38 18.522
-1.2883 105.36 62.423 16.06
-0.87602 116.4 63.248 20.388
2.2691 109.91 69.538 17.898
3.9793 114.79 72.959 19.836
1.9502 119.45 68.9 21.626
-0.17975 108.13 64.64 17.161
3.5788 123.15 72.158 23.101
3.5263 127.54 72.053 24.82
1.3801 111.27 67.76 18.415
2.8064 136.9 70.613 28.471
2.3054 103.78 69.611 15.501
-2.121 117.74 60.758 20.889
3.402 105.19 71.804 16.069
-1.0783 118.47 62.843 21.193
-0.90976 106.51 63.18 16.515
1.5596 116.05 68.119 20.289
0.027589 113.79 65.055 19.379
0.58315 108.44 66.166 17.293
2.8827 98.012 70.765 13.251
4.3104 130.41 73.621 25.955
0.374 147.38 65.748 32.534
2.0362 150.37 69.072 33.727
0.24642 116.86 65.493 20.586
1.726 122.55 68.452 22.834
2.3914 117.51 69.783 20.873
-0.9507 123.64 63.099 23.217
1.8691 111.89 68.738 18.664
2.9009 99.794 70.802 13.948
1.2919 122.6 67.584 22.847
6.4702 108.83 77.94 17.542
-0.92443 99.429 63.151 13.743
-1.3308 151.71 62.338 34.198
-4.5336 119.31 55.933 21.467
3.8792 128.37 72.758 25.151
3.742 138.01 72.484 28.918
0.74736 102.34 66.495 14.911
3.8412 128.48 72.682 25.192
1.5809 129.23 68.162 25.447
1.9196 124.15 68.839 23.467
1.3572 124.98 67.714 23.783
2.3913 116.75 69.783 20.576
1.3215 131.9 67.643 26.488
9.8143 113.92 84.629 19.59
-2.6893 112.7 59.621 18.909
-4.8638 131 55.272 26.035
-2.6072 143.1 59.786 30.808
-2.4575 117.75 60.085 20.89
-0.37119 116.61 64.258 20.478
0.46725 127.91 65.935 24.915
0.30894 136.02 65.618 28.085
2.7118 135.1 70.424 27.765
2.231 126.49 69.462 24.386
3.3756 115.59 71.751 20.139
6.6233 131.55 78.247 26.438
4.8677 122.61 74.735 22.911
-3.058 139.24 58.884 29.291
-6.3648 104.66 52.27 15.702
3.8522 125.16 72.704 23.89
-4.8048 137.91 55.39 28.742
1.2111 116.97 67.422 20.645
1.1122 115.37 67.224 20.016
8.0429 112.63 81.086 19.056
0.78113 119.56 66.562 21.649
-0.6043 120.31 63.791 21.919
1.7457 124.79 68.491 23.711
1.7773 112.31 68.555 18.827
1.2215 124.04 67.443 23.412
-0.9245 115.32 63.151 19.963
-2.8662 117.91 59.268 20.944
2.0009 112.89 69.002 19.06
-3.2465 118.91 58.507 21.328
-2.2641 166.2 60.472 39.855
5.2097 165.33 75.419 39.638
-0.32469 136.84 64.351 28.394
0.55626 132.57 66.113 26.738
3.8455 107.78 72.691 17.091
0.050966 115.7 65.102 20.129
4.2551 115.91 73.51 20.277
-0.091194 129.39 64.818 25.482
4.2028 129.39 73.406 25.554
2.9901 124.63 70.98 23.669
0.32639 118.73 65.653 21.32
-1.7376 111.26 61.525 18.36
-2.2986 122.57 60.403 22.778
0.14597 136.81 65.292 28.392
-0.38552 128.02 64.229 24.943
-0.29234 125.02 64.415 23.77
4.1102 131.51 73.22 26.383
0.058599 130.01 65.117 25.728
4.6166 103.76 74.233 15.529
-0.68113 122.98 63.638 22.964
4.0755 118.25 73.151 21.19
-0.6515 97.859 63.697 13.133
1.5584 106.82 68.117 16.678
4.0697 119.55 73.139 21.698
-0.3091 132.91 64.382 26.856
-0.38593 119.99 64.228 21.798
7.3353 127.16 79.671 24.731
4.0073 112.46 73.015 18.924
-0.36612 96.393 64.268 12.564
3.0521 124.46 71.104 23.604
-0.13866 111.19 64.723 18.358
3.2322 137.69 71.464 28.784
5.4773 144.91 75.955 31.647
-4.0739 117.69 56.852 20.839
4.2535 138.09 73.507 28.958
5.6105 135.36 76.221 27.914
1.1501 105.7 67.3 16.233
6.5221 123.42 78.044 23.254
1.4914 126.27 67.983 24.288
-2.9121 128.81 59.176 25.212
-5.9364 130.24 53.127 25.722
-0.054326 131.1 64.891 26.151
3.2564 131.64 71.513 26.419
2.0037 119.33 69.007 21.578
2.308 127.84 69.616 24.915
-0.8249 95.155 63.35 12.072
1.4554 108.77 67.911 17.438
-4.1819 136.93 56.636 28.369
-1.4036 114.55 62.193 19.655
-1.5893 126.62 61.821 24.375
2.6435 141.7 70.287 30.347
0.95522 112.11 66.91 18.739
-2.6541 110.71 59.692 18.131
0.96988 116.97 66.94 20.638
-1.1814 128.07 62.637 24.949
-1.1083 120.18 62.783 21.861
3.7327 111.44 72.465 18.521
1.3587 103.8 67.717 15.493
2.2597 118.66 69.519 21.321
3.7954 120.71 72.591 22.15
1.57 116.54 68.14 20.479
2.742 120.06 70.484 21.876
3.1597 109.92 71.319 17.915
4.7018 130.28 74.404 25.908
2.5048 96.612 70.01 12.697
5.4659 125.44 75.932 24.028
1.0715 131.2 67.143 26.21
0.84862 112.59 66.697 18.923
6.3801 123.11 77.76 23.13
-0.61185 126.33 63.776 24.277
0.99097 115.48 66.982 20.055
3.9089 123.27 72.818 23.153
1.4737 128.11 67.947 25.01
5.4428 112.2 75.886 18.844
4.2702 133.71 73.54 27.246
1.922 136.53 68.844 28.312
-1.4593 126.56 62.081 24.354
2.7921 123.45 70.584 23.207
-3.3722 108.09 58.256 17.094
1.7731 129.17 68.546 25.428
3.5565 108.5 72.113 17.368
1.6737 142.57 68.347 30.67
3.7818 129.86 72.564 25.73
7.4475 127.21 79.895 24.752
3.9217 118.62 72.843 21.334
1.8441 96.492 68.688 12.639
3.0291 108.67 71.058 17.425
2.3455 127.67 69.691 24.851
-3.1575 151.9 58.685 34.244
-0.31681 131.86 64.366 26.447
4.8728 127.37 74.746 24.774
0.86217 116.35 66.724 20.394
2.8418 124.77 70.684 23.724
-2.1828 134.3 60.634 27.371
1.204 119.92 67.408 21.799
2.8983 146.44 70.797 32.204
-3.3055 107.42 58.389 16.832
2.0992 118.56 69.198 21.28
0.42496 123.56 65.85 23.208
-1.9711 98.642 61.058 13.418
0.88131 129.9 66.763 25.699
-4.9966 123.05 55.007 22.923
-5.7293 122.98 53.541 22.882
-2.7218 132.17 59.556 26.527
-2.1323 135.3 60.735 27.764
-2.7095 132.26 59.581 26.564
-4.4563 116.44 56.087 20.345
1.9115 122.57 68.823 22.845
-4.0413 126.57 56.917 24.315
1.3485 107.67 67.697 17.006
3.4889 110.69 71.978 18.224
0.99296 117.77 66.986 20.954
1.2944 123.99 67.589 23.394
-0.19584 144.74 64.608 31.489
-3.6886 132.05 57.623 26.467
0.86143 117.56 66.723 20.87
4.0384 115.76 73.077 20.215
6.4968 142.6 77.994 30.759
-0.36043 156.25 64.279 35.992
-4.146 124.28 56.708 23.416
1.526 117.22 68.052 20.746
2.1899 105.89 69.38 16.323
0.28232 134.82 65.565 27.616
-2.6332 126 59.734 24.115
7.4015 138.22 79.803 29.062
-6.4615 110.76 52.077 18.088
-0.61267 125.7 63.775 24.031
-3.1793 114.37 58.641 19.554
-1.0116 138.3 62.977 28.956
2.0051 116.41 69.01 20.435
1.4365 122 67.873 22.614
-1.2475 118.41 62.505 21.165
3.4571 135.53 71.914 27.945
2.9682 128.54 70.936 25.2
3.0472 111.02 71.094 18.344
-0.34597 115.06 64.308 19.869
4.3159 110.7 73.632 18.24
3.0893 129.5 71.179 25.579
8.9334 128.25 82.867 25.185
4.363 103.49 73.726 15.419
4.6585 100.21 74.317 14.141
1.1675 122.53 67.335 22.819
-3.0742 130.92 58.852 26.034
-0.1739 124.89 64.652 23.721
-1.3963 103.75 62.207 15.426
-0.78343 103.74 63.433 15.433
2.7555 133.87 70.511 27.285
-0.76069 120.96 63.479 22.172
-1.8306 117.85 61.339 20.938
-0.29441 138.91 64.411 29.207
0.49123 113.18 65.982 19.147
2.2944 124.85 69.589 23.746
-2.0125 127.66 60.975 24.775
2.0034 133.18 69.007 27.002
1.2467 112.58 67.493 18.926
5.1881 128 75.376 25.026
0.3259 156.54 65.652 36.114
0.57474 104.42 66.149 15.721
-2.7042 127.76 59.592 24.801
-3.3806 119.53 58.239 21.571
1.9819 113.03 68.964 19.112
0.21105 112.7 65.422 18.956
2.593 129.33 70.186 25.504
-1.8228 150.92 61.354 33.88
7.0352 114.19 79.07 19.65
1.3865 129.68 67.773 25.62
4.311 116.65 73.622 20.57
0.28242 147.08 65.565 32.414
0.48612 129.59 65.972 25.57
3.1821 121.64 71.364 22.503
2.7575 130.85 70.515 26.101
-2.5426 122.4 59.915 22.708
-3.8468 135.82 57.306 27.94
-2.4718 120.21 60.056 21.851
-3.4771 108.6 58.046 17.293
1.1884 126.04 67.377 24.195
-0.30049 141.91 64.399 30.38
-0.16375 108.18 64.672 17.181
-3.3037 119.39 58.393 21.516
3.4652 135.67 71.93 27.998
2.3895 99.709 69.779 13.907
0.71659 130.61 66.433 25.975
4.2293 132.7 73.459 26.849
-1.7638 125.2 61.472 23.815
2.3114 113.77 69.623 19.409
2.1019 123.08 69.204 23.048
2.1044 124.31 69.209 23.529
-1.3061 134.1 62.388 27.307
2.0336 131.28 69.067 26.256
-0.6282 118.47 63.744 21.2
-1.8348 142.4 61.33 30.547
-2.8051 121.81 59.39 22.471
4.2819 113.55 73.564 19.353
-1.6751 117.23 61.65 20.699
0.4532 133.43 65.906 27.072
-2.8221 124.82 59.356 23.648
0.060403 133.74 65.121 27.187
-9.2206 122.31 46.559 22.565
-2.4373 152.92 60.125 34.654
-3.5108 101.94 57.978 14.683
-2.208 117.43 60.584 20.767
0.32559 121.87 65.651 22.546
-0.02884 123.94 64.942 23.35
7.1487 141.74 79.297 30.436
-0.80811 125.41 63.384 23.916
0.20933 121.48 65.419 22.39
-3.9626 123.1 57.075 22.956
-0.50962 131.97 63.981 26.486
-3.2311 113.93 58.538 19.38
1.0958 128.53 67.192 25.167
3.6977 104.25 72.395 15.706
2.2784 122.23 69.557 22.718
-1.2156 111.14 62.569 18.323
-4.1562 114.24 56.688 19.486
5.617 127.15 76.234 24.7
7.4828 110.2 79.966 18.097
1.3811 110.95 67.762 18.291
-2.1303 103.98 60.739 15.504
4.7877 96.295 74.575 12.61
-0.87414 120.86 63.252 22.134
-0.48567 137.01 64.029 28.458
3.803 121.19 72.606 22.339
-3.3804 119.48 58.239 21.551
-5.1878 109.26 54.624 17.522
2.3303 142.58 69.661 30.684
2.2672 120.14 69.534 21.9
1.3009 138.88 67.602 29.221
2.5707 127.67 70.141 24.852
4.4223 120.29 73.845 21.997
4.0688 136.7 73.138 28.414
-0.79797 134.75 63.404 27.571
3.5614 122.02 72.123 22.658
1.5479 138.94 68.096 29.249
-0.59867 144.56 63.803 31.412
-2.7736 121.63 59.453 22.403
3.0459 120.18 71.092 21.929
-0.11825 127.78 64.763 24.854
1.1468 127.33 67.294 24.696
-1.5075 132.51 61.985 26.68
-3.9032 119.14 57.194 21.408
1.5426 131.83 68.085 26.466
0.8035 135.8 66.607 28.008
4.7917 125.74 74.583 24.135
3.5352 125.26 72.07 23.924
4.3308 108.15 73.662 17.242
-1.3682 108.29 62.264 17.205
-1.9609 104.67 61.078 15.778
-3.0132 107.17 58.974 16.739
2.5748 121.34 70.15 22.375
9.8198 104.56 84.64 15.926
3.3008 150.83 71.602 33.931
-1.4446 131.68 62.111 26.358
3.6457 98.092 72.291 13.294
-2.5681 108.34 59.864 17.202
-3.5046 121.01 57.991 22.149
3.2688 102.38 71.538 14.966
-1.46 117 62.08 20.613
1.9992 136.5 68.998 28.301
5.4479 121.66 75.896 22.549
2.2685 122.37 69.537 22.773
3.9398 111.18 72.88 18.423
-4.078 115.44 56.844 19.958
3.092 106.77 71.184 16.683
7.7625 128.47 80.525 25.252
2.7112 117.72 70.422 20.962
-3.8727 131.86 57.255 26.387
0.35761 138.05 65.715 28.878
-0.58103 135.95 63.838 28.041
2.2112 122.76 69.422 22.924
2.303 117.03 69.606 20.684
2.2823 108.21 69.565 17.233
-0.15038 124.28 64.699 23.481
-0.89506 134.46 63.21 27.454
-0.86444 118.55 63.271 21.227
3.6991 121.28 72.398 22.372
-4.8597 129.66 55.281 25.513
0.34445 133.47 65.689 27.089
1.855 105.79 68.71 16.277
-1.0642 125.14 62.872 23.803
2.5091 125.62 70.018 24.051
0.77447 121.12 66.549 22.259
-1.9672 133.48 61.066 27.054
1.5103 118.62 68.021 21.294
0.15193 112.76 65.304 18.979
-0.29613 126.18 64.408 24.225
-1.2494 128.29 62.501 25.034
1.1943 120.37 67.389 21.973
-4.838 131.87 55.324 26.376
-0.25964 104.23 64.481 15.634
-0.71885 109.59 63.562 17.722
-1.8837 84.969 61.233 8.0682
3.064 129.69 71.128 25.652
-1.322 110.52 62.356 18.079
2.7096 120.16 70.419 21.916
4.0859 135.81 73.172 28.066
0.50393 123.55 66.008 23.207
1.8785 117.74 68.757 20.956
3.0223 112.92 71.045 19.088
0.74393 120.02 66.488 21.829
2.7104 130.64 70.421 26.016
-2.9926 103.84 59.015 15.438
4.5115 122.69 74.023 22.936
-2.1293 132.11 60.741 26.513
-4.7833 104.75 55.433 15.761
5.3782 131.85 75.756 26.535
0.80164 131.33 66.603 26.258
2.4196 112.42 69.839 18.881
-0.14872 104.42 64.703 15.707
-2.2274 127.82 60.545 24.833
-8.7176 131.43 47.565 26.143
2.9805 130.38 70.961 25.922
0.093424 132.2 65.187 26.586
0.37595 108.44 65.752 17.291
2.2826 130.34 69.565 25.893
-3.4884 115.23 58.023 19.885
-1.3067 115.78 62.387 20.138
4.6282 104.5 74.256 15.819
2.8906 136.75 70.781 28.412
-3.0518 124.53 58.896 23.535
-5.9673 134.24 53.065 27.285
-0.80644 141.22 63.387 30.102
1.6767 109.18 68.353 17.603
3.9801 131.32 72.96 26.304
1.2964 122.89 67.593 22.961
-2.5491 133.66 59.902 27.113
1.9682 136.7 68.936 28.378
-2.7072 132.49 59.586 26.652
-2.0388 112.54 60.922 18.856
-1.0673 121.14 62.865 22.239
-2.8877 125.65 59.225 23.974
0.14313 161.53 65.286 38.065
-1.8459 137.58 61.308 28.662
0.096581 151.27 65.193 34.048
-0.46231 127.85 64.075 24.876
-0.29585 125.4 64.408 23.917
-0.59233 130.27 63.815 25.818
4.9 117.13 74.8 20.764
2.93 138.48 70.86 29.092
1.1868 121.1 67.374 22.259
-3.6389 105.49 57.722 16.073
-4.1412 132.89 56.718 26.786
-5.2131 102.87 54.574 15.021
9.2384 101.67 83.477 14.784
4.0749 126.99 73.15 24.612
1.8126 111.48 68.625 18.506
-2.0808 111.39 60.838 18.407
-2.6251 120.47 59.75 21.952
2.7318 117.28 70.464 20.788
5.9492 121.02 76.898 22.304
-4.3548 125.53 56.29 23.902
-0.42112 108.49 64.158 17.296
0.73345 107.98 66.467 17.116
-5.2992 96.361 54.402 12.471
3.6603 118.62 72.321 21.33
-0.31127 130.93 64.377 26.084
7.0468 115.31 79.094 20.09
-0.23613 128.95 64.528 25.309
2.2939 129.81 69.588 25.685
-2.6127 134.58 59.775 27.475
-0.97599 134.81 63.048 27.591
-2.6958 114.02 59.608 19.423
2.2414 112.7 69.483 18.989
5.1168 124.21 75.234 23.541
-0.87726 114.58 63.245 19.675
2.3799 140.99 69.76 30.062
-0.59493 139.65 63.81 29.49
1.3229 124.21 67.646 23.48
4.7829 118.34 74.566 21.238
1.3804 129.31 67.761 25.475
-2.2788 114.48 60.442 19.611
-1.7104 121.06 61.579 22.198
0.46281 116.43 65.926 20.419
0.39389 124.2 65.788 23.46
-1.7379 136.4 61.524 28.199
1.5713 132.17 68.143 26.599
5.0051 137.6 75.01 28.778
0.20573 111.69 65.411 18.559
0.35309 125.1 65.706 23.813
-5.9618 109.92 53.076 17.768
-1.4492 127.34 62.102 24.66
-3.4059 126.33 58.188 24.23
-0.22138 138.68 64.557 29.118
2.662 136.7 70.324 28.39
5.817 131.72 76.634 26.49
6.6873 117.67 78.375 21.007
0.63038 117.12 66.261 20.692
-0.012549 97.741 64.975 13.097
3.5852 117.9 72.17 21.047
2.55 104.25 70.1 15.686
3.4199 134.74 71.84 27.635
3.4611 134.41 71.922 27.505
-3.6811 123.99 57.638 23.311
2.7088 118.63 70.418 21.316
0.71053 124.71 66.421 23.664
-1.4041 142.28 62.192 30.508
-1.1933 139.18 62.613 29.298
5.0523 118.12 75.105 21.156
-1.5606 124.68 61.879 23.615
-2.9112 108.7 59.178 17.34
1.6789 128.01 68.358 24.97
7.3586 133 79.717 27.017
1.0808 134.03 67.162 27.317
1.9749 104.41 68.95 15.739
-1.967 128.73 61.066 25.195
6.2943 113.22 77.589 19.258
1.3952 118.45 67.79 21.226
2.6763 132.9 70.353 26.9
-2.0107 126.2 60.979 24.203
3.7007 121.4 72.401 22.418
2.2306 130.61 69.461 25.999
-2.6556 142.46 59.689 30.555
1.1257 115.39 67.251 20.023
-0.42492 106.26 64.15 16.426
1.3455 108.83 67.691 17.459
0.20768 111.32 65.415 18.418
0.39948 114.7 65.799 19.74
-2.2664 129.57 60.467 25.517
-0.022339 97.32 64.955 12.933
3.424 126.25 71.848 24.312
6.5171 114.3 78.034 19.685
-2.6699 135.91 59.66 27.992
8.518 113.66 82.036 19.466
5.8259 123.82 76.652 23.398
1.5329 111.61 68.066 18.549
0.047501 114.52 65.095 19.664
-1.2093 119.48 62.581 21.588
3.6335 120.59 72.267 22.102
-1.1965 116.25 62.607 20.321
-0.4606 136.59 64.079 28.295
3.7942 130.15 72.588 25.845
2.3786 145.91 69.757 31.989
3.8358 120.03 72.672 21.884
2.5961 136.29 70.192 28.229
-0.26775 97.119 64.465 12.85
-0.62493 130.57 63.75 25.936
3.5183 127.92 72.037 24.968
-1.1225 118.1 62.755 21.049
4.7525 132.07 74.505 26.612
3.5004 134.12 72.001 27.391
1.9099 135.79 68.82 28.019
1.0102 128.14 67.02 25.012
2.1562 130.53 69.312 25.966
12.152 116.42 89.305 20.608
0.64444 109.54 66.289 17.727
-3.9224 118.99 57.155 21.349
7.0561 126.19 79.112 24.348
2.9285 134.93 70.857 27.7
-1.0489 113.02 62.902 19.06
9.2767 118.25 83.553 21.276
2.7423 159.66 70.485 37.378
1.9304 115.52 68.861 20.088
-1.4598 146.13 62.08 32.014
-2.3676 134.26 60.265 27.351
-4.5922 115.33 55.816 19.909
-0.33739 121.5 64.325 22.389
-2.3302 119.87 60.34 21.72
3.0484 129.1 71.097 25.422
-0.0044285 139.56 64.991 29.466
6.594 103.8 78.188 15.575
5.7769 148.48 76.554 33.052
1.5186 132.6 68.037 26.764
0.10582 116.15 65.212 20.304
4.6435 122 74.287 22.67
-2.6256 126.12 59.749 24.163