-7.1442 2.7907
18.262 -4.7903
0.41873 7.4377
28.783 5.9032
-14.22 9.921
12.488 17.923
8.0063 13.762
0.43761 21.058
12.043 0.70694
0.061471 -0.64575
16.598 7.0508
8.6687 21.832
-8.3939 21.037
-16.247 6.7419
5.1617 2.0313
19.458 -7.2065
9.8117 14.718
8.5425 8.2284
14.878 -3.7779
-5.9341 4.6542
22.254 -10.295
-0.93851 12.3
8.3776 6.2601
4.3643 24.312
9.4956 -5.5943
-11.445 17.705
23.239 9.4364
13.458 8.826
28.099 15.167
22.167 19.935
8.1148 -2.7106
-1.3905 21.189
-9.3891 -4.1
8.1697 -2.7411
10.192 1.2744
18.458 15.365
-1.5098 -2.6996
15.948 11.347
8.7143 12.119
0.26313 9.5412
15.742 13.546
10.657 -3.7285
5.6489 18.076
26.773 9.1352
14.092 15.301
6.8973 -1.8351
10.775 8.5203
8.8705 16.776
9.7359 18.141
12.536 7.1565
1.9648 -10.535
0.029761 -2.9682
11.606 10.186
26.851 15.942
4.9318 12.631
-2.1272 1.8737
5.6145 30.444
3.1599 8.7235
4.7266 16.655
12.755 3.843
6.7 -3.1494
2.0565 14.853
3.5623 18.377
-5.2253 26.222
-0.59521 2.7101
-6.13 -8.2797
2.8401 24.173
-2.851 10.641
0.92841 -3.2715
4.9835 2.4082
-4.0044 -0.088452
7.8064 19.61
11.404 13.921
-1.6323 10.427
19.139 10.405
-7.8611 -0.215
4.0821 17.931
-6.8469 11.464
4.5537 5.3887
-5.2392 6.1529
2.2517 6.9827
0.59293 -0.87043
-3.85 15.414
-12.649 21.922
13.651 32.739
28.001 13.039
30.233 -0.22481
3.0782 10.01
7.54 -2.0705
3.3425 1.8683
8.7595 1.4104
-1.1877 -0.33229
-11.195 11.782
7.6356 -3.1534
-4.2513 14.672
-11.024 15.953
31.742 18.375
5.6665 7.7957
12.039 14.19
19.925 26.031
-8.8476 8.5299
12.131 6.2211
13.017 25.725
8.8306 -17.088
9.578 3.4341
2.7206 32.304
15.231 3.2855
-0.49942 2.3967
0.036159 -4.2647
15.253 15.93
24.865 -13.099
4.1361 0.0060487
2.9492 13.67
12.081 7.9856
18.724 14.239
17.68 9.2644
10.701 14.809
1.6559 -4.8742
14.298 10.181
7.2077 -7.6357
21.769 15.833
-6.0821 4.8943
9.4123 14.553
20.897 2.6253
3.0506 11.286
1.7518 18.541
-1.3363 -11.797
5.2128 -10.674
5.9948 -10.324
9.3674 16.486
-0.83349 12.052
8.8254 0.97544
1.9613 22.99
4.3127 9.3779
-0.3817 -7.8682
5.1752 -2.1915
43.699 -5.8523
42.075 17.549
19.469 1.9888
15.873 -3.7189
-4.7814 2.2289
2.1541 -0.36431
1.8059 16.53
13.353 12.773
12.83 11.023
9.0848 12.158
4.5972 8.4297
-1.2585 -1.4885
8.0532 13.416
19.391 -0.21128
12.274 -2.7191
9.8103 -2.7409
14.575 16.696
13.842 17.811
-8.1645 -9.5883
8.1877 6.519
3.7404 10.519
-12.34 1.8962
-5.2855 15.61
4.8011 10.544
16.254 6.4717
5.7071 2.4259
10.623 14.77
-0.9798 16.493
-13.573 12.693
8.9392 5.6022
-1.5118 17.21
19.726 -1.0688
25.351 9.4444
4.283 21.964
19.929 6.103
17.536 -0.43836
-6.1504 27.434
7.6664 5.5308
10.611 12.416
13.23 -0.036115
14.768 10.876
14.744 12.67
14.784 8.0456
4.8742 11.261
11.792 20.046
-14.529 -6.0412
-3.6835 10.056
20.02 -11.912
1.3926 8.2841
11.276 27.305
23.081 17.411
-0.88909 7.9308
-1.5928 4.6176
3.0728 13.283
12.411 18.569
5.9524 8.1474
-1.7781 24.148
-7.7295 -0.15855
4.2974 -11.978
5.7885 0.51809
2.6479 6.007
5.3803 4.2724
-2.9541 -0.47371
13.492 21.372
-13.746 -8.1632
9.4461 3.0818
14.69 -1.693
-0.48829 3.2589
7.4291 1.3384
10.918 12.784
1.8538 -2.4106
7.8636 -0.20659
12.121 9.0113
-1.3715 18.84
16.352 -10.545
18.945 25.998
11.212 -0.78374
8.1511 14.477
-3.6449 18.496
12.948 21.231
-4.1585 2.8264
23.908 8.2431
13.265 6.3763
10.648 1.9434
4.064 10.717
-13.763 11.586
-3.9565 4.4768
11.653 9.3236
32.124 34.736
15.402 7.9243
11.097 15.103
2.5801 3.3746
9.2228 2.7212
17.623 4.5421
5.4603 13.646
26.918 -0.015391
-4.2025 -10.529
4.2376 8.5322
8.5243 3.6358
-11.539 10.8
13.654 8.8461
8.7779 15.291
8.807 17.008
15.947 -5.2564
18.437 -7.2458
16.022 13.024
3.3118 11.064
7.5341 -1.3916
11.535 20.374
-4.568 8.3301
-2.3603 9.2357
3.7304 10.739
8.7767 15.542
25.909 23.245
15.973 5.3802
3.575 -9.3068
1.7091 18.135
23.338 -1.2774
35.335 20.437
9.6744 2.1051
3.2113 22.915
-6.1265 -0.059781
17.75 -3.126
10.897 17.569
19.654 -5.6305
-1.0871 14.806
10.406 12.378
1.4595 6.5673
20.75 4.5847
2.4881 28.578
7.1259 4.2546
4.5218 6.098
17.94 -1.3873
12.284 -0.13462
-2.0419 2.1638
1.6731 25.095
-2.4571 4.0958
13.057 1.0993
11.32 3.5178
-8.3541 15.144
-11.068 -5.1573
7.596 14.271
14.972 -5.3129
9.688 6.6915
-7.438 -10.269
-7.518 13.359
16.671 14.929
6.5463 1.1245
4.1376 11.176
21.162 9.6284
0.035358 19.591
9.3544 9.2839
12.178 18.395
16.199 6.8323
-0.54353 1.517
11.573 7.6202
35.485 6.0068
-7.1298 16.817
12.34 7.4386
5.7023 -0.41239
-0.27086 6.4516
-0.31983 19.886
12.979 3.8509
31.156 1.4138
0.061743 17.84
13.41 9.0123
2.4094 4.3729
27.766 0.61172
13.447 -6.7984
6.6209 9.5337
14.199 4.8298
7.9442 11.189
19.072 -6.5655
6.1441 21.218
-3.2142 12.872
10.464 -7.6663
23.61 18.571
-3.9662 2.1242
5.5765 11.022
18.048 10.195
-11.201 -0.78201
14.254 -20.614
15.53 13.356
10.135 4.5796
0.29766 2.0214
7.9287 12.189
8.9319 1.1032
17.353 14.712
14.635 9.509
4.4977 -1.9132
24.199 16.368
7.4917 12.745
-0.12697 20.522
3.6158 -0.92623
16.586 -0.95274
9.9522 11.133
16.889 14.67
8.6922 16.281
32.868 8.0651
-8.6564 5.6411
3.8407 14.528
7.1578 27.645
8.8925 16.846
22.561 8.8454
10.195 2.2549
6.8512 12.998
8.686 3.159
15.515 10.384
1.1057 15.782
12.508 17.243
-7.6502 13.881
7.212 21.779
-1.4179 26.512
1.4714 -10.977
10.825 -9.7868
-3.2508 -1.2264
-1.8897 -11.979
-7.1586 4.429
-14.285 4.636
6.4848 10.504
19.627 10.862
6.1806 1.1383
5.6605 -0.13314
-2.4673 15.934
23.833 4.1805
5.5059 -5.712
20.94 8.1031
11.62 10.041
5.3695 3.8897
18.821 14.636
17.824 10.258
6.8856 5.8716
20.96 7.5597
25.813 12.582
7.3439 3.5858
5.4432 -2.5495
12.046 6.4442
11.518 9.2915
16.075 13.094
5.4441 7.6988
15.151 3.4264
18.486 13.963
9.7755 6.8647
9.533 16.07
-4.5432 7.102
-3.728 7.9371
-6.6144 7.0814
-4.4429 -1.2124
6.449 -1.2695
-8.1491 -1.6122
30.461 25.848
15.393 5.9981
-12.676 17.404
-3.5455 11.492
6.9281 26.593
-9.1288 17.271
3.4011 -4.2696
18.91 4.7276
6.3612 16.916
7.3276 10.882
-2.0159 30.652
2.4434 7.5211
-5.5156 -7.5186
11.642 12.441
3.4779 -1.1182
15.834 8.4943
20.372 18.78
18.772 11.082
7.6516 10.996
2.9601 6.0278
-4.2402 6.5358
9.1851 6.9693
17.595 -19.99
4.5907 11.933
6.2668 17.902
14.163 -4.9763
16.639 -7.2197
-6.1691 14.21
9.9995 -7.0752
9.9583 -8.794
6.4887 15.89
16.928 1.4572
4.3581 20.449
-0.26189 -4.9226
10.76 1.8565
12.598 10.417
5.8249 13.493
15.961 12.676
-7.1802 9.9146
-2.7492 5.702
-22.722 2.2078
13.214 12.805
-1.9102 4.1317
5.4687 12.216
18.093 18.877
8.5101 -14.493
3.5957 26.045
-0.48469 1.6794
5.5963 21.165
14.029 23.516
-7.1625 -6.6891
7.3165 9.7694
15.824 42.663
-6.2073 5.8537
14.694 12.863
14.832 11.309
-0.82136 20.679
-7.0451 18.905
12.331 -1.4645
16.083 3.615
13.789 11.432
15.628 7.416
-3.8213 33.35
13.838 12.386
2.1999 12.375
2.3863 -0.37676
-7.559 -5.075
19.002 15.941
9.7506 6.0274
18.036 14.492
23.11 -0.31474
-3.3724 16.96
14.43 -10.135
7.8724 23.667
17.143 16.465
19.077 9.1015
16.205 -3.611
-0.17612 4.0246
6.7351 10.543
10.641 20.078
39.585 -2.3354
20.266 20.951
31.206 35.681
12.145 3.0465
10.118 12.688
14.132 1.427
2.7222 -9.1696
20.416 22.705
6.4237 14.941
-5.736 2.893
16.708 9.1339
-7.6853 5.7019
-10.443 -6.6173
10.884 -20.823
-1.5091 7.5253
-1.1073 3.3753
6.3805 2.2335
3.111 -0.45968
5.7722 -10.172
10.721 2.7827
-3.6853 9.6144
-4.2423 -2.6181
-12.995 12.505
4.0976 5.272
14.643 6.9855
0.97736 -6.2911
13.013 0.35591
13.403 12.101
17.908 0.10067
17.894 9.6164
1.1116 27.779
-0.56838 15.953
8.4839 18.374
1.3515 31.603
22.527 19.754
21.798 11.977
8.9514 27.512
3.7287 -1.0466
13.108 1.1785
1.4373 28.183
6.7498 12.543
2.6953 7.579
9.0559 12.582
19.284 5.3586
15.425 5.0801
19.436 4.132
-1.1471 2.4601
9.798 -1.4373
-1.8335 7.4015
11.848 2.2532
11.257 22.419
20.963 10.355
18.992 18.214
14.532 6.6017
2.9493 7.1845
3.2401 20.582
-12.516 22.685
3.517 8.3294
-7.512 24.925
17.298 12.757
17.019 11.685
9.3829 29.92
4.2159 23.357
9.4306 17.073
24.05 12.023
21.491 2.6162
3.5156 6.8478
9.6841 26.22
-3.205 -12.215
12.007 1.6302
15.391 6.112
17 9.4828
-7.3122 -9.8388
13.046 13.291
-0.64215 15.297
4.2345 -1.4013
15.88 5.4071
10.982 -4.1354
6.3626 24.245
14.067 11.735
24.345 5.4911
1.7651 -1.2546
-5.501 8.9866
-3.6224 24.843
-1.4428 10.753
1.2879 11.533
13.767 -4.0038
-12.858 9.6613
10.36 15.762
0.21579 -5.8144
18.996 19.283
-0.55564 32.654
8.0756 -7.5792
-1.3759 -12.666
1.1844 7.274
5.3986 15.591
5.712 7.1834
2.7519 6.4153
19.283 8.065
13.501 -2.6461
26.551 -8.4392
5.227 23.815
18.666 10.926
-12.992 -3.8761
14.385 18.759
11.715 -4.9737
4.2582 6.7823
14.953 15.408
16.776 -0.40718
18.336 4.5053
12.198 8.2963
14.011 27.524
1.2598 12.59
-2.9518 4.0069
5.3238 5.7462
9.8655 5.1972
17.509 21.067
0.094813 5.1562
3.1052 0.082895
37.745 10.406
1.7741 7.0535
27.203 15.932
17.611 17.594
2.422 18.871
6.9344 14.472
5.8484 14.326
12.735 27.033
21.656 -3.6003
-8.378 4.5269
28.237 -8.9506
15.778 17.194
2.511 8.2153
6.7399 5.0066
10.996 -9.2102
10.962 9.8343
20.008 5.4027
18.902 -5.5479
4.413 -3.5744
6.7007 0.38014
15.337 5.497
9.2033 -8.4876
19.363 6.1801
1.1323 14.157
12.717 4.2333
10.883 1.0196
21.919 11.041
-5.455 19.011
8.0075 3.5339
8.5349 3.3329
-15.419 -6.3582
20.481 -1.7772
36.092 14.059
5.6782 6.8635
10.87 15.646
3.354 14.699
11.843 11.758
4.2017 15.667
6.9822 23.235
24.182 13.768
-0.4723 12.26
2.2412 7.5707
7.2409 -4.4226
6.6753 2.9505
22.393 11.259
28.313 -3.1142
-1.782 12.682
1.5898 11.226
13.205 9.0002
4.193 11.014
27.929 8.2382
24.359 7.7795
13.59 7.9124
13.636 17.295
4.616 7.0957
15.636 -18.411
19.274 3.1385
9.4157 9.9597
27.281 17.597
14.706 21.803
6.8989 -1.4146
11.71 15.609
18.966 10.379
4.0184 5.9163
7.1454 8.2474
31.733 7.7191
3.2608 9.4036
17.463 10.376
16.182 1.2845
23.89 -2.45
13.26 17.658
-16.652 5.8024
-0.52528 22.145
13.117 -1.2419
10.578 2.0586
27.624 22.213
22.063 22.076
12.968 -2.29
8.8283 10.065
-7.4848 21.411
26.632 21.327
9.3403 -4.8489
-7.46 24.184
12.333 14.616
9.0295 10.273
2.2965 5.7442
12.931 -1.6599
0.92487 8.9502
-5.4803 5.4327
-9.543 31.101
4.3619 9.9006
1.7291 6.266
12.402 7.8597
-7.0264 1.8726
5.9176 28.718
-7.0513 14.37
26.097 8.7489
6.8303 19.233
20.262 7.6687
12.949 7.0225
17.086 2.4338
-3.5422 1.845
20.576 24.046
22.525 15.685
-12.768 8.8693
6.2351 25.044
1.4792 8.2363
9.5653 10.9
-0.50226 -6.199
10.79 12.753
13.971 -6.4732
10.447 -1.8828
6.8165 17.494
-4.8941 11.512
