4
2.7003 25.845 70.401 13.355
6.7993 21.298 78.599 7.2299
-6.1431 20.39 52.714 7.5467
3.7264 20.827 72.453 6.9866
2.008 25.364 69.016 12.833
-3.1353 19.389 58.729 5.9628
-0.37114 18.706 64.258 4.8027
2.0835 25.288 69.167 12.73
12.316 23.07 89.632 8.8205
9.7577 25.704 84.515 12.389
-3.2687 21.007 58.463 7.9943
10.597 25.476 86.195 12.011
3.2939 13.487 71.588 -2.1116
0.8006 24.761 66.601 12.217
3.2602 30.464 71.52 19.048
0.35184 26.898 65.704 14.93
0.60742 26.442 66.215 14.334
5.7108 22.785 76.422 9.205
5.4558 24.364 75.912 11.201
5.4816 24.611 75.963 11.506
3.1235 23.689 71.247 10.621
-2.8184 19.235 59.363 5.7357
3.2681 21.986 71.536 8.4828
6.1553 23.101 77.311 9.5495
2.546 21.384 70.092 7.8136
4.272 26.707 73.544 14.254
3.2986 33.102 71.597 22.331
0.040436 17.769 65.081 3.5893
1.9293 23.633 68.859 10.684
-1.4896 17.082 62.021 2.9043
3.8094 28.428 72.619 16.45
-2.6274 27.875 59.745 16.481
-2.3801 16.102 60.24 1.783
-1.5599 30.087 61.88 19.118
-8.3106 17.434 48.379 4.106
5.5486 24.554 76.097 11.428
2.0283 27.378 69.057 15.341
-1.3873 23.208 62.225 10.526
5.3333 32.474 75.667 21.321
-4.4123 32.769 56.175 22.779
0.67668 23.483 66.353 10.638
0.23648 15.555 65.473 0.80796
2.0094 21.748 69.019 8.3274
1.9893 19.888 68.979 6.0118
-1.735 19.65 61.53 6.1317
0.90497 18.651 66.81 4.5913
0.47861 23.222 65.957 10.335
2.985 31.395 70.97 20.24
4.4572 20.767 73.914 6.8304
4.5078 22.448 74.016 8.9194
-1.7311 27.074 61.538 15.383
1.2446 27.699 67.489 15.828
-2.8394 24.29 59.321 12.038
-2.5212 26.416 59.958 14.65
0.97834 26.344 66.957 14.169
5.8466 22.26 76.693 8.5349
-1.4339 24.284 62.132 11.872
2.1744 22.026 69.349 8.6553
0.28664 19.434 65.573 5.6362
4.5334 25.97 74.067 13.305
-2.4439 22.743 60.112 10.065
1.103 22.296 67.206 9.1114
2.7472 24.383 70.494 11.528
4.4804 27.319 73.961 14.992
5.8832 25.243 76.766 12.248
1.2717 23.789 67.543 10.952
-3.7168 23.368 57.566 10.986
-1.3474 22.845 62.305 10.069
-2.357 19.52 60.286 6.0386
8.4328 27.139 81.866 14.326
-0.9467 28.124 63.107 16.603
3.3656 21.302 71.731 7.6191
0.39152 30.319 65.783 19.188
3.81 22.744 72.62 9.3665
-1.4187 21.7 62.163 8.651
-3.4344 18.885 58.131 5.3679
-3.4979 19.28 58.004 5.8674
2.5438 19.569 70.088 5.5511
0.43909 24.276 65.878 11.653
0.38002 29.046 65.76 17.603
5.4883 25.701 75.977 12.863
1.9221 26.422 68.844 14.161
1.6255 28.252 68.251 16.474
6.0207 14.145 77.041 -1.5961
-1.5439 21.974 61.912 9.0066
3.2029 24.687 71.406 11.856
3.6408 26.153 72.282 13.634
0.22931 17.869 65.459 3.692
1.682 19.236 68.364 5.2331
-2.6867 25.486 59.627 13.511
-2.6301 22.007 59.74 9.1694
1.3316 25.176 67.663 12.674
3.284 19.65 71.568 5.5698
9.176 17.946 83.352 2.7873
-1.1089 25.61 62.782 13.488
1.5924 27.676 68.185 15.76
0.73913 29.234 66.478 17.798
-5.1128 16.194 54.774 2.2024
-0.38813 17.653 64.224 3.4924
-4.6753 16.483 55.649 2.5147
3.6575 23.238 72.315 9.9997
-1.8082 20.213 61.384 6.8411
1.3165 28.099 67.633 16.318
-0.72195 17.149 63.556 2.9011
1.9598 16.447 68.92 1.7262
-0.8984 23.504 63.203 10.841
2.5494 27.818 70.099 15.83
3.3381 20.265 71.676 6.3299
6.4135 18.947 77.827 4.3437
0.38613 22.334 65.772 9.2387
-5.7621 15.695 53.476 1.6543
-1.655 22.668 61.69 9.884
5.2836 26.827 75.567 14.289
-2.3905 23.328 60.219 10.789
4.0388 16.117 73.078 1.0827
1.3923 20.995 67.785 7.4581
5.5432 22.521 76.086 8.894
-5.2009 29.041 54.598 18.222
0.37482 26.423 65.75 14.335
-2.8195 22.208 59.361 9.4401
10.196 29.412 85.392 16.961
3.6096 19.376 72.219 5.1915
5.3607 22.315 75.721 8.6589
-2.3463 27.928 60.307 16.515
-0.48189 28.553 64.036 17.085
0.13838 25.678 65.277 13.434
4.4735 25.407 73.947 12.611
0.12129 20.615 65.243 7.1266
3.2185 26.196 71.437 13.734
-5.4884 18.843 54.023 5.5465
-0.11897 25.041 64.762 12.668
-1.6044 23.693 61.791 11.155
-3.9871 26.631 57.026 15.083
2.6064 21.604 70.213 8.0806
1.8917 25.579 68.783 13.114
1.1059 26.065 67.212 13.807
-3.2175 18.914 58.565 5.3805
4.5654 24.135 74.131 11.016
2.1074 29.306 69.215 17.734
0.05427 23.29 65.109 10.468
1.0724 21.825 67.145 8.5271
0.1715 24.631 65.343 12.125
-4.5347 21.112 55.931 8.2672
0.096692 24.568 65.193 12.055
-1.629 22.088 61.742 9.1573
-2.0965 22.465 60.807 9.68
-2.6569 24.223 59.686 11.933
-0.68726 27.983 63.625 16.399
-5.3329 23.787 54.334 11.689
4.0492 29.793 73.098 18.124
2.6446 15.45 70.289 0.40756
0.93667 21.264 66.873 7.8433
0.89004 23.891 66.78 11.122
-1.524 19.411 61.952 5.8103
4.2214 18.579 73.443 4.1298
0.57873 25.309 66.157 12.924
-1.2595 25.016 62.481 12.765
5.2735 24.753 75.547 11.707
0.28921 24.413 65.578 11.84
-0.86267 19.374 63.275 5.6903
0.07107 20.948 65.142 7.5464
-1.6814 22.188 61.637 9.2879
-2.5422 19.825 59.916 6.4397
8.9879 25.474 82.976 12.189
6.2351 32.877 77.47 21.722
1.9725 21.292 68.945 7.7631
-2.9754 24.892 59.049 12.803
-1.7369 18.613 61.526 4.8399
0.44175 28.065 65.884 16.375
3.5027 19.65 72.005 5.5456
-3.2122 23.17 58.576 10.684
-6.3677 19.517 52.265 6.4844
-3.5824 24.281 57.835 12.109
2.0547 23.202 69.109 10.133
2.2376 23.017 69.475 9.8821
2.4283 34.55 69.857 24.233
0.588 20.516 66.176 6.9512
1.5809 22.907 68.162 9.819
-0.50573 33.087 63.989 22.739
3.726 19.001 72.452 4.7118
-3.3061 24.48 58.388 12.326
2.4389 19.078 69.878 4.9517
-1.6839 26.559 61.632 14.735
-0.059005 24.1 64.882 11.489
2.7481 25.769 70.496 13.255
4.2859 22.421 73.572 8.9107
-2.5343 23.412 59.931 10.909
4.9866 29.258 74.973 17.352
3.0876 14.568 71.175 -0.74109
0.78539 16.69 66.571 2.1605
0.38266 24.504 65.765 11.944
0.31187 20.38 65.624 6.8121
0.04149 21.717 65.083 8.5086
1.0729 17.257 67.146 2.8353
1.1622 19.546 67.324 5.678
3.6122 21.838 72.224 8.2599
5.8287 20.934 76.657 6.8856
2.4765 19.891 69.953 5.9603
0.33683 21.279 65.674 7.9296
2.977 19.673 70.954 5.6329
1.5794 28.245 68.159 16.471
-2.2564 18.712 60.487 5.0212
4.0017 30.438 73.003 18.933
1.971 21.706 68.942 8.2793
1.4275 17.484 67.855 3.0783
2.6294 20.866 70.259 7.1587
1.8266 26.716 68.653 14.538
-1.9772 26.612 61.046 14.835
0.48664 23.539 65.973 10.729
0.53813 24.035 66.076 11.342
-0.68237 25.18 63.635 12.905
6.3193 18.19 77.639 3.4102
-1.7693 20.349 61.461 7.0059
-0.52996 15.736 63.94 1.1189
-1.2516 20.936 62.497 7.6799
-2.7132 26.092 59.574 14.269
0.39209 25.667 65.784 13.391
0.13331 31.664 65.267 20.894
5.8385 24.367 76.677 11.162
0.21251 14.593 65.425 -0.38857
-2.3653 28.989 60.269 17.84
6.0706 28.689 77.141 16.522
4.9044 21.346 74.809 7.502
0.27386 23.747 65.548 11.012
-3.7629 25.282 57.474 13.376
-0.40604 24.268 64.188 11.737
0.50687 25.603 66.014 13.299
1.873 22.698 68.746 9.5256
0.17413 22.727 65.348 9.7521
2.4022 23.549 69.804 10.527
2.2393 20.151 69.479 6.3105
-2.955 27.876 59.09 16.519
-1.9977 22.575 61.005 9.8055
-1.3436 25.287 62.313 13.112
-0.60586 19.473 63.788 5.7845
-0.013749 18.715 64.973 4.7736
1.0394 22.656 67.079 9.5672
-8.5791 20.592 47.842 8.0708
-0.44521 27.376 64.11 15.615
4.929 25.919 74.858 13.198
-2.3732 24.572 60.254 12.336
3.9527 17.889 72.905 3.3002
2.1078 19.447 69.216 5.4479
0.90828 23.763 66.817 10.961
1.577 21.749 68.154 8.3769
-3.9491 27.217 57.102 15.808
0.73266 28.115 66.465 16.404
6.0721 21.528 77.144 7.5984
1.311 26.411 67.622 14.215
1.1308 28.383 67.262 16.694
-1.3216 23.886 62.357 11.363
0.90256 29.225 66.805 17.769
1.7347 27.194 68.469 15.144
2.3484 24.025 69.697 11.127
-0.17892 26.193 64.642 14.111
0.25226 23.635 65.505 10.875
7.3995 22.365 79.799 8.4926
-6.1415 23.307 52.717 11.181
8.0501 24.197 81.1 10.702
2.0675 21.759 69.135 8.3335
4.1625 30.282 73.325 18.72
-4.2626 23.061 56.475 10.665
-0.86585 33.215 63.268 22.938
0.12068 21.73 65.241 8.5154
2.3367 25.37 69.673 12.803
-4.2816 28.291 56.437 17.185
2.4914 33.714 69.983 23.185
-2.8354 23.592 59.329 11.166
1.2093 19.994 67.419 6.2304
3.0629 26.397 71.126 14.003
2.0343 18.082 69.069 3.7553
4.4236 22.461 73.847 8.9451
4.1815 24.522 73.363 11.541
-1.0584 28.417 62.883 16.981
1.8129 28.646 68.626 16.945
-1.9864 22.446 61.027 9.644
-3.1799 25.924 58.64 14.112
3.9246 22.204 72.849 8.6804
1.0002 25.541 67 13.167
0.82633 30.336 66.653 19.161
3.8812 24.035 72.762 10.967
2.8802 22.127 70.76 8.7015
2.1074 21.244 69.215 7.6879
4.9536 26.347 74.907 13.728
3.9403 28.581 72.881 16.626
1.7582 31.284 68.516 20.239
-1.1831 22.88 62.634 10.095
-1.0604 23.318 62.879 10.626
4.7698 21.133 74.54 7.2521
-4.0971 28.432 56.806 17.339
0.92264 22.698 66.845 9.6328
-5.1628 20.257 54.674 7.271
4.2271 31.88 73.454 20.704
3.725 26.522 72.45 14.084
1.0037 25.754 67.007 13.432
0.77599 19.101 66.552 5.1666
-6.8623 23.489 51.275 11.489
2.8378 25.275 70.676 12.629
-5.9331 17.762 53.134 4.2482
-6.3342 21.032 52.332 8.3684
1.2528 21.481 67.506 8.0794
-1.9994 24.579 61.001 12.303
2.3012 19.325 69.602 5.2743
3.1408 27.507 71.282 15.377
3.7124 30.268 72.425 18.753
-1.1856 21.505 62.629 8.3811
2.4211 23.18 69.842 10.065
1.3182 24.995 67.636 12.451
3.6123 28.017 72.225 15.959
2.6955 25.261 70.391 12.628
3.8394 24.952 72.679 12.115
0.58278 21.082 66.166 7.6561
0.53451 22.04 66.069 8.8562
4.1869 25.836 73.374 13.177
-5.7156 28.461 53.569 17.557
-0.59564 24.945 63.809 12.603
-3.018 17.762 58.964 3.9218
-0.20984 24.483 64.58 11.984
3.0513 22.954 71.103 9.7126
3.6112 22.454 72.222 9.0268
-2.2095 21.676 60.581 8.7094
-0.48965 19.395 64.021 5.6742
1.4333 21.832 67.867 8.4959
0.077047 19.846 65.154 6.1735
1.9544 21.74 68.909 8.3234
2.2647 23.64 69.529 10.657
-1.9408 23.229 61.118 10.615
0.44081 22.087 65.882 8.9251
-5.7423 21.402 53.515 8.7633
4.622 23.673 74.244 10.433
-0.98936 24.463 63.021 12.046
-2.8069 27.355 59.386 15.853
0.19696 25.263 65.394 12.91
-3.5178 21.22 57.964 8.288
0.93404 25.289 66.868 12.86
-0.77298 21.79 63.454 8.6909
7.8867 17.188 80.773 1.9868
4.6001 14.518 74.2 -0.97318
-6.8958 15.229 51.208 1.1998
2.3956 22.298 69.791 8.9688
-3.4213 19.955 58.157 6.7004
0.19344 20.111 65.387 6.49
1.5199 23.234 68.04 10.234
3.3645 20.822 71.729 7.0208
0.13655 20.447 65.273 6.9151
5.9847 26.091 76.969 13.294
-0.52086 25.779 63.958 13.633
2.0357 32.521 69.071 21.749
3.1021 24.478 71.204 11.606
1.2694 23.265 67.539 10.3
3.7858 21.211 72.572 7.4589
2.0221 22.403 69.044 9.1416
-1.4797 22.434 62.041 9.572
-4.7091 15.395 55.582 1.1617
6.8774 22.892 78.755 9.2081
-0.91169 25.594 63.177 13.447
1.3269 20.855 67.654 7.2906
2.7809 25.167 70.562 12.501
1.3592 26.865 67.718 14.776
-1.861 26.711 61.278 14.945
-0.47904 25.764 64.042 13.61
0.60506 14.254 66.21 -0.85417
5.6769 21.532 76.354 7.6474
-1.7221 26.057 61.556 14.114
3.4813 24.889 71.963 12.077
1.976 23.165 68.952 10.096
0.26047 24.569 65.521 12.037
-2.3424 26.842 60.315 15.162
0.10147 23.456 65.203 10.669
0.72586 20.043 66.452 6.3456
-3.6466 21.61 57.707 8.7885
1.6077 22.292 68.215 9.0503
-1.6003 26.057 61.799 14.1
0.70199 24.54 66.404 11.953
2.0632 25.264 69.126 12.702
-1.8608 23.139 61.278 10.494
0.088453 21.471 65.177 8.1964
2.107 23.401 69.214 10.376
-4.8055 22.962 55.389 10.603
4.276 18.117 73.552 3.5487
8.6668 24.838 82.334 11.432
4.0339 27.021 73.068 14.671
0.0014413 22.427 65.003 9.3974
2.3554 29.247 69.711 17.633
-2.2761 24.663 60.448 12.439
6.9383 22.275 78.877 8.4319
3.9748 22.854 72.95 9.4857
3.4898 22.316 71.98 8.8685
-1.7698 23.511 61.46 10.947
2.0118 26.053 69.024 13.691
-0.76548 21.613 63.469 8.4694
0.015174 24.614 65.03 12.122
-0.80253 29.477 63.395 18.273
-2.2437 26.094 60.513 14.219
-1.8737 25.741 61.253 13.737
0.33625 19.768 65.672 6.0473
-4.3723 20.141 56.255 7.0383
2.9214 24.221 70.843 11.306
0.62749 22.557 66.255 9.49
3.2109 17.085 71.422 2.3819
1.8527 17.307 68.705 2.8099
2.5631 27.179 70.126 15.033
-3.69 19.382 57.62 6.0168
-2.2264 30.505 60.547 19.713
-0.41352 14.247 64.173 -0.74925
1.3468 24.777 67.694 12.176
4.5694 23.538 74.139 10.271
0.083056 19.956 65.166 6.3089
4.9894 25.153 74.979 12.236
2.5034 20.174 70.007 6.3102
4.7129 26.862 74.426 14.397
1.4014 23.317 67.803 10.35
-1.077 16.387 62.846 1.9916
-3.6846 12.977 57.631 -1.9658
1.4917 21.983 67.983 8.6773
3.5885 27.793 72.177 15.683
0.074755 23.558 65.15 10.798
-0.71012 22.952 63.58 10.132
0.023989 25.497 65.048 13.221
-2.4677 17.124 60.065 3.0655
-0.55903 28.245 63.882 16.711
0.42845 19.478 65.857 5.6756
1.145 23.167 67.29 10.192
0.7983 21.572 66.597 8.2434
2.9332 23.865 70.866 10.861
1.3457 15.577 67.691 0.71176
6.7364 29.718 78.473 17.73
1.9867 25.246 68.973 12.688
6.7063 31.582 78.413 20.055
-1.2867 28.102 62.427 16.614
2.6651 23.294 70.33 10.18
0.17701 19.267 65.354 5.4403
2.8978 16.601 70.796 1.813
2.8782 23.347 70.756 10.222
-5.9128 22.805 53.174 10.531
-3.1965 26.39 58.607 14.695
-3.5569 18.661 57.886 5.1031
2.2707 26.246 69.541 13.902
5.6492 23.972 76.298 10.691
-0.033477 19.871 64.933 6.2166
3.5688 26.361 72.138 13.901
2.7251 24.28 70.45 11.402
-2.3256 21.597 60.349 8.6244
2.2569 30.405 69.514 19.086
-1.3777 24.985 62.245 12.74
5.7949 23.295 76.59 9.8314
0.89702 24.051 66.794 11.321
6.1735 24.111 77.347 10.805
-0.34415 23.466 64.312 10.731
2.864 25.023 70.728 12.312
0.80144 20.65 66.603 7.0943
-5.394 18.977 54.212 5.7027
-2.1058 23.92 60.788 11.495
2.9369 30.537 70.874 19.175
0.82643 21.795 66.653 8.5173
-2.5377 18.577 59.925 4.8838
-0.98078 21.786 63.038 8.7088
1.789 21.258 68.578 7.7408
-2.1402 21.271 60.72 8.1965
4.0831 25.29 73.166 12.509
-1.0261 22.196 62.948 9.2253
6.7201 21.573 78.44 7.5821
-2.4148 20.782 60.17 7.6183
1.6299 18.011 68.26 3.7124
-3.8099 18.975 57.38 5.5222
-1.2883 17.225 62.423 3.0602
-0.87602 20.735 63.248 7.3877
2.2691 19.019 69.538 4.8976
3.9793 20.729 72.959 6.8362
1.9502 21.983 68.9 8.6264
-0.17975 18.209 64.64 4.1615
3.5788 23.312 72.158 10.101
3.5263 24.687 72.053 11.82
1.3801 19.355 67.76 5.4147
2.8064 27.553 70.613 15.471
2.3054 17.099 69.611 2.5005
-2.121 21.026 60.758 7.8892
3.402 17.653 71.804 3.0686
-1.0783 21.364 62.843 8.1934
-0.90976 17.625 63.18 3.5153
1.5596 20.874 68.119 7.2885
0.027589 20.007 65.055 6.3791
0.58315 18.383 66.166 4.2926
2.8827 15.345 70.765 0.2506
4.3104 25.669 73.621 12.955
0.374 30.594 65.748 19.534
2.0362 31.702 69.072 20.727
0.24642 20.995 65.493 7.586
1.726 22.932 68.452 9.8341
2.3914 21.418 69.783 7.8734
-0.9507 22.999 63.099 10.217
1.8691 19.599 68.738 5.6643
2.9009 15.907 70.802 0.94839
1.2919 22.904 67.584 9.8473
6.4702 19.111 77.94 4.542
-0.92443 15.399 63.151 0.74308
-1.3308 31.777 62.338 21.198
-4.5336 21.273 55.933 8.4673
3.8792 24.984 72.758 12.151
3.742 27.995 72.484 15.918
0.74736 16.486 66.495 1.9111
3.8412 25.014 72.682 12.192
1.5809 25.016 68.162 12.447
1.9196 23.457 68.839 10.467
1.3572 23.66 67.714 10.783
2.3913 21.179 69.783 7.5755
1.3215 25.828 67.643 13.488
9.8143 21.055 84.629 6.5899
-2.6893 19.385 59.621 5.9087
-4.8638 24.909 55.272 13.035
-2.6072 28.942 59.786 17.808
-2.4575 20.996 60.085 7.8899
-0.37119 20.853 64.258 7.4779
0.46725 24.489 65.935 11.915
0.30894 27.018 65.618 15.085
2.7118 26.978 70.424 14.765
2.231 24.223 69.462 11.386
3.3756 20.918 71.751 7.1394
6.6233 26.264 78.247 13.438
4.8677 23.276 74.735 9.9105
-3.058 27.684 58.884 16.291
-6.3648 16.482 52.27 2.7024
3.8522 23.971 72.704 10.89
-4.8048 27.087 55.39 15.742
1.2111 21.129 67.422 7.6451
1.1122 20.615 67.224 7.0155
8.0429 20.468 81.086 6.0561
0.78113 21.896 66.562 8.6485
-0.6043 21.989 63.791 8.9192
1.7457 23.637 68.491 10.711
1.7773 19.721 68.555 5.8271
1.2215 23.35 67.443 10.412
-0.9245 20.39 63.151 6.9631
-2.8662 21.003 59.268 7.9438
2.0009 19.928 69.002 6.0603
-3.2465 21.277 58.507 8.3285
-2.2641 36.232 60.472 26.855
5.2097 36.729 75.419 26.638
-0.32469 27.21 64.351 15.394
0.55626 25.96 66.113 13.738
3.8455 18.514 72.691 4.0912
0.050966 20.611 65.102 7.1286
4.2551 21.107 73.51 7.2772
-0.091194 24.894 64.818 12.482
4.2028 25.337 73.406 12.554
2.9901 23.715 70.98 10.669
0.32639 21.591 65.653 8.3195
-1.7376 19.031 61.525 5.3599
-2.2986 22.526 60.403 9.7781
0.14597 27.251 65.292 15.392
-0.38552 24.435 64.229 11.943
-0.29234 23.502 64.415 10.77
4.1102 25.994 73.22 13.383
0.058599 25.105 65.117 12.728
4.6166 17.329 74.233 2.5285
-0.68113 22.82 63.638 9.9638
4.0755 21.824 73.151 8.1903
-0.6515 14.934 63.697 0.13322
1.5584 17.977 68.117 3.6782
4.0697 22.231 73.139 8.698
-0.3091 25.976 64.382 13.856
-0.38593 21.911 64.228 8.7978
7.3353 24.958 79.671 11.731
4.0073 19.999 73.015 5.9243
-0.36612 14.503 64.268 -0.43586
3.0521 23.669 71.104 10.604
-0.13866 19.173 64.723 5.3585
3.2322 27.842 71.464 15.784
5.4773 30.341 75.955 18.647
-4.0739 20.81 56.852 7.839
4.2535 28.073 73.507 15.958
5.6105 27.357 76.221 14.914
1.1501 17.583 67.3 3.2332
6.5221 23.7 78.044 10.254
1.4914 24.077 67.983 11.288
-2.9121 24.423 59.176 12.212
-5.9364 24.561 53.127 12.722
-0.054326 25.434 64.891 13.151
3.2564 25.946 71.513 13.419
2.0037 21.949 69.007 8.578
2.308 24.654 69.616 11.915
-0.8249 14.067 63.35 -0.92817
1.4554 18.577 67.911 4.4378
-4.1819 26.843 56.636 15.369
-1.4036 20.1 62.193 6.6548
-1.5893 23.871 61.821 11.375
2.6435 29.044 70.287 17.347
0.95522 19.576 66.91 5.7388
-2.6541 18.765 59.692 5.131
0.96988 21.102 66.94 7.6376
-1.1814 24.368 62.637 11.949
-1.1083 21.897 62.783 8.8611
3.7327 19.651 72.465 5.5213
1.3587 17.008 67.717 2.4925
2.2597 21.766 69.519 8.3209
3.7954 22.569 72.591 9.1504
1.57 21.028 68.14 7.4791
2.742 22.254 70.484 8.8758
3.1597 19.113 71.319 4.915
4.7018 25.666 74.404 12.908
2.5048 14.867 70.01 -0.30349
5.4659 24.226 75.932 11.028
1.0715 25.582 67.143 13.21
0.84862 19.715 66.697 5.9228
6.3801 23.588 77.76 10.13
-0.61185 23.88 63.776 11.277
0.99097 20.636 66.982 7.0553
3.9089 23.384 72.818 10.153
1.4737 24.655 67.947 12.01
5.4428 20.064 75.886 5.8443
4.2702 26.701 73.54 14.246
1.922 27.346 68.844 15.312
-1.4593 23.866 62.081 11.354
2.7921 23.327 70.584 10.207
-3.3722 17.868 58.256 4.0942
1.7731 25.018 68.546 12.428
3.5565 18.71 72.113 4.3679
1.6737 29.216 68.347 17.67
3.7818 25.441 72.564 12.73
7.4475 24.985 79.895 11.752
3.9217 21.925 72.843 8.3338
1.8441 14.761 68.688 -0.36114
3.0291 18.708 71.058 4.425
2.3455 24.606 69.691 11.851
-3.1575 31.649 58.685 21.244
-0.31681 25.648 64.366 13.447
4.8728 24.772 74.746 11.774
0.86217 20.896 66.724 7.3936
2.8418 23.746 70.684 10.724
-2.1828 26.221 60.634 14.371
1.204 22.054 67.408 8.7988
2.8983 30.556 70.797 19.204
-3.3055 17.664 58.389 3.8321
2.0992 21.719 69.198 8.2803
0.42496 23.115 65.85 10.208
-1.9711 15.044 61.058 0.4179
0.88131 25.156 66.763 12.699
-4.9966 22.4 55.007 9.9229
-5.7293 22.301 53.541 9.8819
-2.7218 25.496 59.556 13.527
-2.1323 26.542 60.735 14.764
-2.7095 25.527 59.581 13.564
-4.4563 20.379 56.087 7.3451
1.9115 22.958 68.823 9.8452
-4.0413 23.602 56.917 11.315
1.3485 18.221 67.697 4.0061
3.4889 19.391 71.978 5.2241
0.99296 21.358 66.986 7.9543
1.2944 23.343 67.589 10.394
-0.19584 29.705 64.608 18.489
-3.6886 25.361 57.623 13.467
0.86143 21.278 66.723 7.87
4.0384 21.038 73.077 7.2146
6.4968 29.72 77.994 17.759
-0.36043 33.303 64.279 22.992
-4.146 22.872 56.708 10.416
1.526 21.238 68.052 7.7457
2.1899 17.748 69.38 3.3227
0.28232 26.64 65.565 14.616
-2.6332 23.569 59.734 11.115
7.4015 28.44 79.803 16.062
-6.4615 18.388 52.077 5.0877
-0.61267 23.683 63.775 11.031
-3.1793 19.859 58.641 6.5537
-1.0116 27.599 62.977 15.956
2.0051 21.032 69.01 7.4352
1.4365 22.729 67.873 9.6141
-1.2475 21.326 62.505 8.1654
3.4571 27.189 71.914 14.945
2.9682 24.942 70.936 12.2
3.0472 19.447 71.094 5.3435
-0.34597 20.366 64.308 6.8685
4.3159 19.478 73.632 5.2398
3.0893 25.257 71.179 12.579
8.9334 25.466 82.867 12.185
4.363 17.218 73.726 2.4187
4.6585 16.219 74.317 1.1407
1.1675 22.87 67.335 9.8191
-3.0742 25.069 58.852 13.034
-0.1739 23.473 64.652 10.721
-1.3963 16.706 62.207 2.4255
-0.78343 16.768 63.433 2.4332
2.7555 26.596 70.511 14.285
-0.76069 22.177 63.479 9.1716
-1.8306 21.091 61.339 7.9376
-0.29441 27.865 64.411 16.207
0.49123 19.862 65.982 6.1468
2.2944 23.715 69.589 10.746
-2.0125 24.154 60.975 11.775
2.0034 26.302 69.007 14.002
1.2467 19.753 67.493 5.9262
5.1881 25.002 75.376 12.026
0.3259 33.464 65.652 23.114
0.57474 17.121 66.149 2.721
-2.7042 24.113 59.592 11.801
-3.3806 21.46 58.239 8.5709
1.9819 19.968 68.964 6.1119
0.21105 19.684 65.422 5.9557
2.593 25.153 70.186 12.504
-1.8228 31.477 61.354 20.88
7.0352 20.854 79.07 6.6502
1.3865 25.137 67.773 12.62
4.311 21.348 73.622 7.5704
0.28242 30.49 65.565 19.414
0.48612 25.016 65.972 12.57
3.1821 22.797 71.364 9.5031
2.7575 25.646 70.515 13.101
-2.5426 22.447 59.915 9.7076
-3.8468 26.529 57.306 14.94
-2.4718 21.766 60.056 8.8506
-3.4771 18.018 58.046 4.2927
1.1884 23.976 67.377 11.195
-0.30049 28.805 64.399 17.38
-0.16375 18.226 64.672 4.1809
-3.3037 21.423 58.393 8.5164
3.4652 27.232 71.93 14.998
2.3895 15.828 69.779 0.90688
0.71659 25.362 66.433 12.975
4.2293 26.379 73.459 13.849
-1.7638 23.406 61.472 10.815
2.3114 20.236 69.623 6.409
2.1019 23.138 69.204 10.048
2.1044 23.524 69.209 10.529
-1.3061 26.249 62.388 14.307
2.0336 25.705 69.067 13.256
-0.6282 21.41 63.744 8.2003
-1.8348 28.801 61.33 17.547
-2.8051 22.234 59.39 9.4711
4.2819 20.368 73.564 6.3534
-1.6751 20.914 61.65 7.6994
0.4532 26.218 65.906 14.072
-2.8221 23.177 59.356 10.648
0.060403 26.276 65.121 14.187
-9.2206 21.733 46.559 9.565
-2.4373 32.043 60.125 21.654
-3.5108 15.921 57.978 1.6833
-2.208 20.92 60.584 7.7671
0.32559 22.575 65.651 9.546
-0.02884 23.189 64.942 10.35
7.1487 29.519 79.297 17.436
-0.80811 23.572 63.384 10.916
0.20933 22.44 65.419 9.3904
-3.9626 22.519 57.075 9.9564
-0.50962 25.662 63.981 13.486
-3.2311 19.715 58.538 6.3803
1.0958 24.747 67.192 12.167
3.6977 17.389 72.395 2.7059
2.2784 22.889 69.557 9.7184
-1.2156 19.048 62.569 5.3227
-4.1562 19.717 56.688 6.4861
5.617 24.779 76.234 11.7
7.4828 19.648 79.966 5.0971
1.3811 19.256 67.762 5.2914
-2.1303 16.704 60.739 2.5043
4.7877 15.002 74.575 -0.39041
-0.87414 22.136 63.252 9.1337
-0.48567 27.247 64.029 15.458
3.803 22.721 72.606 9.3388
-3.3804 21.444 58.239 8.5508
-5.1878 18.048 54.624 4.5221
2.3303 29.286 69.661 17.684
2.2672 22.231 69.534 8.9004
1.3009 28.019 67.602 16.221
2.5707 24.627 70.141 11.852
4.4223 22.502 73.845 8.9967
4.0688 27.62 73.138 15.414
-0.79797 26.507 63.404 14.571
3.5614 22.956 72.123 9.6583
1.5479 28.064 68.096 16.249
-0.59867 29.607 63.803 18.412
-2.7736 22.182 59.453 9.4027
3.0459 22.324 71.092 8.9287
-0.11825 24.388 64.763 11.854
1.1468 24.374 67.294 11.696
-1.5075 25.728 61.985 13.68
-3.9032 21.282 57.194 8.408
1.5426 25.83 68.085 13.466
0.8035 27.001 66.607 15.008
4.7917 24.251 74.583 11.135
3.5352 23.97 72.07 10.924
4.3308 18.678 73.662 4.2416
-1.3682 18.137 62.264 4.2047
-1.9609 16.938 61.078 2.7777
-3.0132 17.615 58.974 3.7389
2.5748 22.64 70.15 9.3752
9.8198 18.116 84.64 2.9261
3.3008 31.979 71.602 20.931
-1.4446 25.475 62.111 13.358
3.6457 15.449 72.291 0.29448
-2.5681 18.027 59.864 4.2021
-3.5046 21.912 57.991 9.1487
3.2688 16.756 71.538 1.9655
-1.46 20.863 62.08 7.6126
1.9992 27.344 68.998 15.301
5.4479 23.037 75.896 9.5486
2.2685 22.932 69.537 9.7731
3.9398 19.591 72.88 5.4229
-4.078 20.102 56.844 6.9576
3.092 18.119 71.184 3.683
7.7625 25.414 80.525 12.252
2.7112 21.518 70.422 7.9623
-3.8727 25.28 57.255 13.387
0.35761 27.659 65.715 15.878
-0.58103 26.903 63.838 15.041
2.2112 23.048 69.422 9.924
2.303 21.258 69.606 7.6836
2.2823 18.487 69.565 4.2332
-0.15038 23.283 64.699 10.481
-0.89506 26.404 63.21 14.454
-0.86444 21.41 63.271 8.2271
3.6991 22.739 72.398 9.3722
-4.8597 24.49 55.281 12.513
0.34445 26.222 65.689 14.089
1.855 17.682 68.71 3.2772
-1.0642 23.459 62.872 10.803
2.5091 23.979 70.018 11.051
0.77447 22.385 66.549 9.2592
-1.9672 25.987 61.066 14.054
1.5103 21.677 68.021 8.2938
0.15193 19.697 65.304 5.979
-0.29613 23.867 64.408 11.225
-1.2494 24.43 62.501 12.034
1.1943 22.193 67.389 8.9727
-4.838 25.184 55.324 13.376
-0.25964 16.976 64.481 2.6343
-0.71885 18.61 63.562 4.7223
-1.8837 10.759 61.233 -4.9318
3.064 25.314 71.128 12.652
-1.322 18.842 62.356 5.0789
2.7096 22.283 70.419 8.9158
4.0859 27.342 73.172 15.066
0.50393 23.122 66.008 10.207
1.8785 21.439 68.757 7.9562
3.0223 20.042 71.045 6.0875
0.74393 22.038 66.488 8.8294
2.7104 25.574 70.421 13.016
-2.9926 16.573 59.015 2.4378
4.5115 23.264 74.023 9.936
-2.1293 25.538 60.741 13.513
-4.7833 16.671 55.433 2.761
5.3782 26.23 75.756 13.535
0.80164 25.596 66.603 13.258
2.4196 19.822 69.839 5.8811
-0.14872 17.045 64.703 2.7073
-2.2274 24.181 60.545 11.833
-8.7176 24.649 47.565 13.143
2.9805 25.522 70.961 12.922
0.093424 25.796 65.187 13.586
0.37595 18.363 65.752 4.2909
2.2826 25.437 69.565 12.893
-3.4884 20.097 58.023 6.8851
-1.3067 20.496 62.387 7.1381
4.6282 17.564 74.256 2.8194
2.8906 27.513 70.781 15.412
-3.0518 23.065 58.896 10.535
-5.9673 25.813 53.065 14.285
-0.80644 28.537 63.387 17.102
1.6767 18.73 68.353 4.6034
3.9801 25.919 72.96 13.304
1.2964 22.995 67.593 9.9611
-2.5491 25.982 59.902 14.113
1.9682 27.403 68.936 15.378
-2.7072 25.598 59.586 13.652
-2.0388 19.401 60.922 5.8558
-1.0673 22.204 62.865 9.2391
-2.8877 23.432 59.225 10.974
0.14313 35.012 65.286 25.065
-1.8459 27.288 61.308 15.662
0.096581 31.785 65.193 21.048
-0.46231 24.374 64.075 11.876
-0.29585 23.62 64.408 10.917
-0.59233 25.118 63.815 12.818
4.9 21.556 74.8 7.7645
2.93 28.062 70.86 16.092
1.1868 22.422 67.374 9.259
-3.6389 17.024 57.722 3.0726
-4.1412 25.576 56.718 13.786
-5.2131 16.039 54.574 2.0208
9.2384 17.147 83.477 1.784
4.0749 24.57 73.15 11.612
1.8126 19.467 68.625 5.5061
-2.0808 19.037 60.838 5.4066
-2.6251 21.834 59.75 8.9524
2.7318 21.381 70.464 7.7881
5.9492 22.886 76.898 9.3041
-4.3548 23.243 56.29 10.902
-0.42112 18.295 64.158 4.2962
0.73345 18.254 66.467 4.116
-5.2992 13.985 54.402 -0.52887
3.6603 21.899 72.321 8.3303
-0.31127 25.357 64.377 13.084
7.0468 21.208 79.094 7.0897
-0.23613 24.742 64.528 12.309
2.2939 25.271 69.588 12.685
-2.6127 26.266 59.775 14.475
-0.97599 26.507 63.048 14.591
-2.6958 19.798 59.608 6.4233
2.2414 19.893 69.483 5.9889
5.1168 23.804 75.234 10.541
-0.87726 20.163 63.245 6.6746
2.3799 28.791 69.76 17.062
-0.59493 28.065 63.81 16.49
1.3229 23.414 67.646 10.48
4.7829 21.926 74.566 8.2378
1.3804 25.021 67.761 12.475
-2.2788 19.986 60.442 6.6106
-1.7104 22.113 61.579 9.1979
0.46281 20.88 65.926 7.4188
0.39389 23.315 65.788 10.46
-1.7379 26.926 61.524 15.199
1.5713 25.94 68.143 13.599
5.0051 27.997 75.01 15.778
0.20573 19.365 65.411 5.559
0.35309 23.594 65.706 10.813
-5.9618 18.176 53.076 4.7677
-1.4492 24.112 62.102 11.66
-3.4059 23.591 58.188 11.23
-0.22138 27.8 64.557 16.118
2.662 27.475 70.324 15.39
5.817 26.233 76.634 13.49
6.6873 21.912 78.375 8.0073
0.63038 21.115 66.261 7.6923
-0.012549 14.962 64.975 0.097155
3.5852 21.665 72.17 8.0465
2.55 17.27 70.1 2.6861
3.4199 26.937 71.84 14.635
3.4611 26.836 71.922 14.505
-3.6811 22.829 57.638 10.311
2.7088 21.802 70.418 8.3156
0.71053 23.506 66.421 10.664
-1.4041 28.809 62.192 17.508
-1.1933 27.857 62.613 16.298
5.0523 21.884 75.105 8.1559
-1.5606 23.263 61.879 10.615
-2.9112 18.106 59.178 4.3395
1.6789 24.642 68.358 11.97
7.3586 26.795 79.717 14.017
1.0808 26.472 67.162 14.317
1.9749 17.261 68.95 2.7386
-1.967 24.495 61.066 12.195
6.2943 20.472 77.589 6.2575
1.3952 21.612 67.79 8.226
2.6763 26.28 70.353 13.9
-2.0107 23.695 60.979 11.203
3.7007 22.776 72.401 9.4182
2.2306 25.517 69.461 12.999
-2.6556 28.734 59.689 17.555
1.1257 20.622 67.251 7.0229
-0.42492 17.597 64.15 3.4262
1.3455 18.584 67.691 4.4588
0.20768 19.252 65.415 5.4175
0.39948 20.33 65.799 6.7399
-2.2664 24.727 60.467 12.517
-0.022339 14.829 64.955 -0.067438
3.424 24.271 71.848 11.312
6.5171 20.835 78.034 6.6852
-2.6699 26.676 59.66 14.992
8.518 20.839 82.036 6.4657
5.8259 23.753 76.652 10.398
1.5329 19.476 68.066 5.549
0.047501 20.237 65.095 6.6639
-1.2093 21.669 62.581 8.5882
3.6335 22.516 72.267 9.1016
-1.1965 20.653 62.607 7.3214
-0.4606 27.118 64.079 15.295
3.7942 25.534 72.588 12.845
2.3786 30.338 69.757 18.989
3.8358 22.359 72.672 8.8844
2.5961 27.339 70.192 15.229
-0.26775 14.741 64.465 -0.15036
-0.62493 25.21 63.75 12.936
3.5183 24.806 72.037 11.968
-1.1225 21.243 62.755 8.0485
4.7525 26.236 74.505 13.612
3.5004 26.749 72.001 14.391
1.9099 27.109 68.82 15.019
1.0102 24.615 67.02 12.012
2.1562 25.484 69.312 12.966
12.152 22.082 89.305 7.6079
0.64444 18.737 66.289 4.7275
-3.9224 21.233 57.155 8.3489
7.0561 24.625 79.112 11.348
2.9285 26.945 70.857 14.7
-1.0489 19.654 62.902 6.0598
9.2767 22.36 83.553 8.2762
2.7423 34.695 70.485 24.378
1.9304 20.746 68.861 7.0876
-1.4598 30.012 62.08 19.014
-2.3676 26.189 60.265 14.351
-4.5922 20.017 55.816 6.9087
-0.33739 22.39 64.325 9.3893
-2.3302 21.673 60.34 8.7196
3.0484 25.127 71.097 12.422
-0.0044285 28.099 64.991 16.466
6.594 17.544 78.188 2.5745
5.7769 31.495 76.554 20.052
1.5186 26.067 68.037 13.764
0.10582 20.756 65.212 7.3037
4.6435 23.062 74.287 9.6697
-2.6256 23.608 59.749 11.163