2
185.54 172.01
294.09 118.83
280.82 -12.575
106.96 11.107
134.41 58.562
238.05 119.96
164.44 -47.852
286.36 128.16
67.587 223.88
206.6 104.8
184.6 66.236
317.02 186.49
-11.46 282.13
150.09 96.407
156.42 93.995
-131.03 -22.298
299.77 32.674
487.11 222.71
122.14 136.36
184.44 241.75
94.247 230.39
196.12 195.09
104.42 242
137.79 332.82
344.18 219.22
48.332 201.12
80.894 144.85
140.89 0.92844
134.1 89.406
322.72 189.1
393.75 16.629
32.616 206.18
73.077 188.71
212.46 162
104.32 186.17
389.14 152.86
346.3 147.35
217.08 148.95
217.64 261.53
109.39 139.15
241.64 -166.94
285.29 91.662
166.99 173.52
381.38 265.17
230.48 315.64
136.79 37.024
194.52 241.3
281.59 178.55
102.22 125
139.74 152.97
434.79 146.63
93.129 166.84
263.56 178.51
248.18 69.414
340.68 24.6
213.12 265.89
-145.82 123.63
47.697 319.74
211.41 39.098
180.93 78.703
385.49 320.55
318.76 318.91
209.62 26.52
159.94 174.78
-35.817 310.93
373.58 309.93
166.08 -4.1874
-35.52 344.21
201.99 229.4
162.35 177.28
81.558 122.93
209.17 34.081
65.098 161.4
-11.763 119.19
-60.516 427.22
106.34 172.81
74.749 129.19
202.82 148.32
-30.317 76.471
125.01 398.62
-30.615 226.44
367.17 158.99
135.96 284.79
297.15 146.02
209.39 138.27
259.03 83.206
11.494 76.14
300.91 342.55
324.3 242.22
-99.217 160.43
128.82 354.52
71.75 152.84
168.78 184.81
47.973 -20.388
183.49 207.03
221.65 -23.678
179.37 31.406
135.8 263.93
-4.7289 192.15
156.91 45.326
87.488 102.22
-3.4832 180.77
143.25 176.4
124.84 -55.373
173.05 5.3094
269.08 -62.75
219.15 141.3
306.69 -56.534
62.483 234.23
46.251 29.344
138.61 17.229
315.99 364.87
306.44 409.49
134.9 51.687
78.375 145.55
-32.478 385.56
230.62 85.168
152.74 356.1
8.6654 248.38
109.85 156.66
-69.535 107.62
201.6 353.18
129.12 235.33
345.75 74.068
-13.131 197.13
266.46 44.645
167.24 167.87
159.91 333.83
236 213.82
293.22 58.84
21.473 191.76
308.27 66.264
4.7996 392.32
21.106 -65.244
69.293 70.859
238.38 242.57
21.605 51.559
190.17 152.15
199.43 228.54
168.49 300.92
216.55 38.75
9.2585 129.61
270.91 93.399
163.62 136.29
237.61 194.34
31.979 75.766
156.24 246.01
255.31 201.2
271.7 93.32
139.88 183.11
-72.424 268.11
18.382 269.17
176.24 230.19
245.31 142.2
205.57 75.588
76.484 176.89
419.33 94.064
158.68 110.15
253.86 260.98
100.12 323.64
16.207 221.5
232.23 396.39
274.52 -33.51
368.67 152.72
86.521 161.43
-45.356 343.74
344.08 210.15
181.7 111.14
14.742 216.51
82.899 227.09
52.939 171.92
289.32 -93.297
221.05 272.77
179.13 -268.99
178.86 163.14
51.42 -36.16
269.17 107.39
191.57 317.83
118.66 88.383
127.83 380.06
137.79 243.41
43.555 120.43
238.97 41.576
317.06 90.492
446.87 194.94
210.47 -134.46
51.302 223.81
174.12 183.54
29.154 248.26
76.419 395.7
70.924 111.15
50.012 32.335
195.38 291.56
16.159 257.35
230.07 132.85
245.44 78.784
274.5 179.87
147.55 14.426
224.27 157.93
366.37 73.449
156.36 51.683
128.65 266.15
362.7 153.64
-151.06 312.13
95.209 19.635
441.65 178.83
93.426 24.458
82.761 224.25
2.8239 306.6
245.15 272.82
-103.19 -103.85
54.073 231.81
218.04 151.05
149.83 190.11
224.87 84.31
165.17 -48.118
231.7 257.14
-4.4899 89.153
176.17 110.43
-37.988 170.2
243.99 454.41
112.73 425.24
228.64 -8.2393
85.504 93.104
189.44 268.49
276.49 -98.763
-87.564 299.28
-74.087 112.17
-69.883 317.92
251.83 44.414
198.62 39.303
65.705 427.73
329.89 220.56
166.54 112.83
-40.419 26.044
27.703 282.4
-16.228 191.05
264.59 -121.68
77.866 41.606
9.3731 506.4
80.747 148.59
49.628 -89.945
252.36 43.438
207.28 99.612
186.28 233.35
199.89 130.47
155.16 162.19
36.138 147.86
214.99 34.761
51.465 290.74
21.371 106.17
21.109 94.391
254.35 173.4
267.73 141.97
-61.059 87.416
132.23 165.25
180.23 403.56
76.754 214.95
241.32 71.39
180.53 45.657
131.66 121.33
83.111 -39.118
231.24 369.09
251.92 174.51
206.32 10.393
121.23 164.47
260.52 -23.222
41.174 219.88
167.33 128.22
317.57 155.04
127.24 193.42
48.74 252.45
383.21 52.827
120.37 -26.046
202.99 137.53
53.567 51.25
184.51 201
206.04 -72.562
150.55 253.03
189.13 186.77
294.55 16.613
-18.494 111.93
174.67 250.54
-88.943 441.18
153.41 107.87
381.66 315.84
262.94 46.721
149.17 174.83
109.41 125.1
213.39 190.83
276.83 90.227
151.77 -20.567
343.77 117.51
52.097 202.76
-89.731 89.263
60.217 127.88
126.08 198.24
105.27 214.71
48.315 61.969
310.47 117.8
-43.958 254.47
90.982 189.69
33.684 -11.748
93.107 335.74
70.06 76.004
207.4 66.171
25.073 -20.831
51.521 136.84
162.14 137.67
280.08 111.27
-72.543 49.25
365.97 -49.266
44.595 511.5
227.73 330.1
275.95 106.92
308.77 136.21
87.917 193.07
152.92 148.54
130.52 81.557
77.321 262.08
182.61 13.402
193.04 384.87
107.72 -61.588
165.88 111.2
470.83 254.71
149.09 164.15
235.24 -30.367
94.495 260.62
86.655 169.59
108.51 52.239
217.75 198.45
53.815 240.74
-72.354 412.13
156.39 138.75
97.63 114.7
183.6 89.423
160.15 -81.24
237.49 212.57
258.09 -96.529
-9.0766 117.62
-32.949 117
210.29 251.42
186.77 -182.54
37.301 260.17
298.49 87.689
153.96 -5.1615
164.83 148.95
182.87 178
240.5 99.097
332.94 -26.334
118.56 294.77
-57.682 173.68
271.62 65.175
38.672 295.96
299.24 194.06
79.261 -2.1019
328.98 224.53
53.283 -65.455
16.488 23.059
264.83 168.19
-13.566 199.35
231.67 158.46
202.54 -81.963
132.81 248.25
109.02 301.41
396.94 290.08
105.06 81.56
127.18 102.73
37.352 27.908
52.385 180.02
79.966 180.25
355.14 57.423
103.15 260.35
67.192 252.26
96.214 228.86
235.73 59.584
-7.8877 -10.62
225.25 228.27
-9.7554 323.67
134.3 -4.8151
-69.228 -114.98
214.31 322.33
233.14 142.6
67.494 291.34
188.11 268.26
169.54 3.7706
289.09 98.175
165.41 49.807
274.73 171.56
135.99 289.96
72.204 156.72
145.44 -102.01
126.08 298.24
255.8 150.32
143.26 94.856
49.051 -102.38
131.42 194.87
292.63 179.42
100.21 190.63
70.966 20.632
268.08 62.381
162.15 40.041
106.48 364.51
61.341 51.552
-27.581 126.39
168.4 43.183
111.96 259.29
188.27 148.53
-24.786 158.74
308.62 262.73
208.46 231.03
-37.995 244.32
276.85 -105.93
79.491 176.39
186.27 265.95
176.34 192
44.616 258.22
-193.37 404.54
214.27 299.83
108.96 15.218
78.257 50.39
200.27 135.39
67.238 72.889
230.54 140.53
168.11 297.37
31.042 86.236
250.42 115.67
206.94 122.69
300.26 230.94
42.885 274.42
42.567 132.06
187.6 111.95
230.04 262.03
249.37 236.79
150.78 208.58
121.69 541.94
228.34 153.8
385.74 190.95
256.15 139.98
160.14 223.97
81.058 87
209.97 270.92
91.907 369.49
178.61 160.23
243.39 141.8
260.91 82.384
220.58 93.171
315.35 -54.424
372.14 143.55
-77.72 44.239
-63.442 300.71
39.283 168.7
-89.751 156.59
107.15 317.83
109.63 -63.078
180.05 189.56
184.34 23.052
67.66 72.796
52.402 181.01
245.21 257
104.17 49.605
-14.545 216.38
151.24 325.01
174.5 47.39
100.68 30.945
229.63 148.6
177.09 225.23
124.46 150.18
144.72 52.041
204.98 163.82
97.03 174.85
23.406 96.653
131.33 15.541
165.5 202.24
211.13 152.05
146.39 106.44
95.116 74.252
221.56 89.961
136.38 45.937
246.84 25.189
139.22 301.85
149.24 121.03
138.98 -57.484
39.451 91.411
38.766 277.25
34.654 85.422
364.18 363.28
125.98 56.458
262.85 59.643
191.9 26.024
373.11 289.66
261.25 80.387
2.7643 200.08
110.73 -47.775
257 81.279
184.58 229.11
421.82 -3.6482
144.25 156.01
-36.224 215.81
203.29 363.41
40.582 226.93
155.93 263.6
279.37 107.49
186.98 80.542
185.96 156.78
126.33 42.801
132.43 284.65
137.63 243.1
-185.88 265.5
197.19 301.29
268.83 137.05
-5.7159 80.741
-32.636 213.08
224.52 288.24
-30.903 253.01
-51.528 263.47
244.68 330.74
71.486 185.44
299.39 294.49
-5.0717 148.58
76.278 244.74
179 -18.43
215.92 335.05
206.12 -62.989
172.97 174.68
122.42 108.45
80.494 10.922
207.66 190.3
103.58 189.87
200.59 319.35
280.52 166.42
-119.92 219.32
366.54 179.17
74.153 326.12
307.97 285.67
336.19 151.28
-26.269 164.92
171.23 363.53
565.95 121.26
124.24 252.96
208.35 44.597
189.71 58.566
302.15 253.53
280.86 227.8
36.426 276.97
97.38 74.017
191.19 272.16
142.99 170.63
454.2 144.3
202.64 352.7
202.5 322.45
49.479 -120.13
-6.9003 192.78
245.3 47.971
126.33 114.05
227.9 73.89
50.223 344.94
257.51 298.93
-67.618 216.63
338 234.41
251.58 204.98
163.22 232.08
10.668 180.15
102.3 128.58
180.52 210.93
294.93 112.81
25.975 102.68
305.42 117.63
482.17 139.42
90.558 150.96
206.25 453.82
71.124 3.2108
-56.035 21.39
326.46 179.53
233.3 143.93
88.716 62.382
163.61 189.24
122.42 240.36
-25.408 11.553
-195.88 101.06
144.3 -4.5488
94.504 160.03
80.802 169.66
48.484 231.91
-68.068 19.636
87.392 185.7
169.37 132.8
22.583 317.03
204.06 186.81
117.26 85.538
137.83 122.53
-21.493 85.654
58.271 322.68
199.22 88.668
55.208 -42.82
169.4 125.85
387.35 287.22
245.43 229.59
274.48 169.69
433.24 364.25
291.05 79.475
197.73 181.08
384.15 45.38
41.441 55.45
68.142 108.68
392.19 227.71
204.52 396.5
144.95 245.87
204.98 21.471
118.3 125.38
114.96 83.467
103.58 114.85
83.521 291.63
36.753 195.29
142.82 268.99
81.038 222.41
323.02 54.854
178.26 261.7
272.57 -12.047
133.22 245.97
140.21 221.96
300.99 282.05
326.22 -20.369
153.95 125.56
353.1 152.15
207.09 162.04
194.22 255.16
413.04 234.08
334.28 228.24
258.87 171.42
198.27 351.12
85.394 110.99
136.17 162.14
368.64 80.797
-92.581 142.62
73.563 237.07
127.34 2.719
167.79 172.91
-64.066 61.822
213.49 244.61
237.57 -85.846
37.184 -84.663
118.89 344.92
4.3746 132.07
344.95 -86.192
194.82 -52.337
119.89 139.57
38.945 186.89
161.84 190.51
352.11 278.04
183.03 189.95
192.39 141.18
5.9549 275.73
169.94 397.06
243.14 153.2
-15.772 121.14
285.39 274.62
445.85 89.133
-36.95 -27.97
-97.998 137.22
141.29 179.43
241.09 167.5
140.2 15.83
130.98 78.367
150.78 68.461
22.247 264.61
-47.27 134.3
339.79 227.93
185.11 221.82
7.487 126.9
279.11 -87.696
-5.6846 193.55
135.39 234.47
238.89 59.688
49.114 147.97
108.06 97
153.56 354.16
384.28 146.33
205.08 174.47
102.08 24.263
122.95 61.756
116.37 -12.788
306.81 237.43
115.87 222.86
54.995 50.606
178.87 496.52
138.64 260.3
245.19 198.69
265.13 379.94
280.45 -144.68
227.66 139.07
225.91 147.04
378.39 173.99
10.797 25.402
108.32 213.52
-53.408 -116.05
260.33 162.89
152.58 202.67
114.08 145.08
-56.522 193.72
